Potential generated by PoCo (FE) on **/07/25 at 10.32.59                       
Traj. : Ta, 1|Ta, 1|30 at|30 at|31 at|32 at|32 at|Ta, 1|Ta cl|19 at|17 BCC      
Tantalum   (Z= 73)  Youhong Li et al, Phys. Rev. B 67, 125101 (2003)                                                             
    1
  500   .4408817635270542D-02  500   .7983390496092447D-02   .3983711857550131D+01
   73     180.95         3.3026         BCC
   .0000000000000000D+00  -.2528670720491107D+00  -.4956235304037321D+00  -.7284742943314657D+00  -.9516242830999130D+00
  -.1165278415976676D+01  -.1369641612229355D+01  -.1564918791125553D+01  -.1751314871932870D+01  -.1929034773918908D+01
  -.2098283416351270D+01  -.2259265718497555D+01  -.2412186599625366D+01  -.2557250979002305D+01  -.2694663775895972D+01
  -.2824629909573969D+01  -.2947354299303899D+01  -.3063041864353362D+01  -.3171897523989959D+01  -.3274126197481293D+01
  -.3369932804094965D+01  -.3459522263098576D+01  -.3543099493759728D+01  -.3620869675057412D+01  -.3693055323384587D+01
  -.3759906915076224D+01  -.3821677068797808D+01  -.3878619338800010D+01  -.3930986773659766D+01  -.3979032421954010D+01
  -.4023009332259677D+01  -.4063170553153701D+01  -.4099769133213019D+01  -.4133058121014563D+01  -.4163290565135269D+01
  -.4190719514152072D+01  -.4215598016641906D+01  -.4238179121181706D+01  -.4258715876348407D+01  -.4277461330718943D+01
  -.4294668532870250D+01  -.4310590531379262D+01  -.4325480374822914D+01  -.4339591111778141D+01  -.4353175790821877D+01
  -.4366472605029881D+01  -.4379575284701533D+01  -.4392495992701127D+01  -.4405245957173336D+01  -.4417836406262838D+01
  -.4430278566746439D+01  -.4442583657056059D+01  -.4454762918653678D+01  -.4466827579683971D+01  -.4478788868291613D+01
  -.4490658012621279D+01  -.4502446240817644D+01  -.4514164781025383D+01  -.4525824861389171D+01  -.4537437710053682D+01
  -.4549014555163595D+01  -.4560566624863581D+01  -.4572105147298316D+01  -.4583641350612476D+01  -.4595186462950735D+01
  -.4606751712457769D+01  -.4618348319078970D+01  -.4629980836864775D+01  -.4641634873828899D+01  -.4653292679290129D+01
  -.4664936502567248D+01  -.4676548592979044D+01  -.4688111199844299D+01  -.4699606572481799D+01  -.4711016960210330D+01
  -.4722324610545042D+01  -.4733511762354567D+01  -.4744560673675485D+01  -.4755453593826581D+01  -.4766172772126640D+01
  -.4776700457894446D+01  -.4787018900448786D+01  -.4797110349108443D+01  -.4806957053192203D+01  -.4816541262018850D+01
  -.4825845224907169D+01  -.4834851191175948D+01  -.4843541410143970D+01  -.4851898905057178D+01  -.4859923335722010D+01
  -.4867630444964195D+01  -.4875036638354678D+01  -.4882158321464409D+01  -.4889011899864336D+01  -.4895613779125406D+01
  -.4901980364818570D+01  -.4908128062514773D+01  -.4914073277784967D+01  -.4919832416200097D+01  -.4925421883331114D+01
  -.4930858082017126D+01  -.4936157411594398D+01  -.4941336289868443D+01  -.4946411122410207D+01  -.4951398314790642D+01
  -.4956314272580694D+01  -.4961175401351311D+01  -.4965998106673443D+01  -.4970798794118037D+01  -.4975593869256042D+01
  -.4980397164548836D+01  -.4985209103844694D+01  -.4990025737465990D+01  -.4994843112865816D+01  -.4999657277497263D+01
  -.5004464278813419D+01  -.5009260164267377D+01  -.5014040981312226D+01  -.5018802777401056D+01  -.5023541599986959D+01
  -.5028253496523025D+01  -.5032934514462345D+01  -.5037580701258006D+01  -.5042188104363103D+01  -.5046752771230724D+01
  -.5051270748050494D+01  -.5055738079256467D+01  -.5060150815796877D+01  -.5064505005124812D+01  -.5068796694693365D+01
  -.5073021931955624D+01  -.5077176779507481D+01  -.5081258370149281D+01  -.5085265603792178D+01  -.5089197546383925D+01
  -.5093053263872283D+01  -.5096831822205004D+01  -.5100532287329851D+01  -.5104153725194577D+01  -.5107695201746940D+01
  -.5111155782934697D+01  -.5114534534705605D+01  -.5117830523007421D+01  -.5121042813787903D+01  -.5124170472994806D+01
  -.5127212566575889D+01  -.5130168160478908D+01  -.5133036320651619D+01  -.5135816113041781D+01  -.5138506603597150D+01
  -.5141106855535858D+01  -.5143615931045217D+01  -.5146032902376991D+01  -.5148357031301797D+01  -.5150589543278036D+01
  -.5152732798182818D+01  -.5154789169744454D+01  -.5156761031691259D+01  -.5158650757751546D+01  -.5160460721653626D+01
  -.5162193297125815D+01  -.5163850857896423D+01  -.5165435777693766D+01  -.5166950430246153D+01  -.5168397189281902D+01
  -.5169778428529322D+01  -.5171096521716728D+01  -.5172353842572432D+01  -.5173552764824747D+01  -.5174695662201987D+01
  -.5175784908432465D+01  -.5176822877244493D+01  -.5177811942366382D+01  -.5178754477526450D+01  -.5179652856503489D+01
  -.5180509507948510D+01  -.5181327025242257D+01  -.5182108035110525D+01  -.5182855161570624D+01  -.5183571028639865D+01
  -.5184258260335563D+01  -.5184919480675023D+01  -.5185557313675559D+01  -.5186174383354481D+01  -.5186773313729101D+01
  -.5187356728816728D+01  -.5187927252634675D+01  -.5188487509200251D+01  -.5189040122530767D+01  -.5189587716643535D+01
  -.5190132915555865D+01  -.5190678343285069D+01  -.5191226623848456D+01  -.5191780381263338D+01  -.5192342239547026D+01
  -.5192914822716831D+01  -.5193500644635654D+01  -.5194099745807931D+01  -.5194709720768659D+01  -.5195328059357252D+01
  -.5195952251546657D+01  -.5196579786893031D+01  -.5197208154885475D+01  -.5197834845363400D+01  -.5198457348166222D+01
  -.5199073153133349D+01  -.5199679750104196D+01  -.5200274628918176D+01  -.5200855279414699D+01  -.5201419191433179D+01
  -.5201963854813029D+01  -.5202486759393661D+01  -.5202985395014488D+01  -.5203457251514920D+01  -.5203899818734373D+01
  -.5204310586512256D+01  -.5204687044687985D+01  -.5205026683100970D+01  -.5205327471800940D+01  -.5205589951384931D+01
  -.5205815522378698D+01  -.5206005586017265D+01  -.5206161543535652D+01  -.5206284796168884D+01  -.5206376745151981D+01
  -.5206438790439921D+01  -.5206472333185643D+01  -.5206478776265429D+01  -.5206459520914298D+01  -.5206415968367273D+01
  -.5206349519859377D+01  -.5206261576625632D+01  -.5206153539901059D+01  -.5206026810920680D+01  -.5205882790919519D+01
  -.5205722881132597D+01  -.5205548482794935D+01  -.5205360997141556D+01  -.5205161825407482D+01  -.5204952358354274D+01
  -.5204733197742542D+01  -.5204503611877392D+01  -.5204262739725115D+01  -.5204009720251999D+01  -.5203743692424335D+01
  -.5203463795208410D+01  -.5203169167570517D+01  -.5202858948476941D+01  -.5202532276893973D+01  -.5202188291787904D+01
  -.5201826131175178D+01  -.5201444933893449D+01  -.5201043839815964D+01  -.5200621987909012D+01  -.5200178517138885D+01
  -.5199712566471870D+01  -.5199223274874258D+01  -.5198709781312337D+01  -.5198171224752395D+01  -.5197606744160725D+01
  -.5197015478503613D+01  -.5196396813438056D+01  -.5195752677949372D+01  -.5195086505901339D+01  -.5194401751133998D+01
  -.5193701867487383D+01  -.5192990308801533D+01  -.5192270528916485D+01  -.5191545981672276D+01  -.5190820120908945D+01
  -.5190096400466528D+01  -.5189378274185064D+01  -.5188669195904589D+01  -.5187972619465141D+01  -.5187291998706758D+01
  -.5186630788724263D+01  -.5185992443662761D+01  -.5185380416490454D+01  -.5184798161047376D+01  -.5184249131173567D+01
  -.5183736780709063D+01  -.5183264563493902D+01  -.5182835931504858D+01  -.5182452077659351D+01  -.5182107441967482D+01
  -.5181795202912000D+01  -.5181508538975651D+01  -.5181240628641181D+01  -.5180984650391338D+01  -.5180733782708867D+01
  -.5180481204076515D+01  -.5180220092977029D+01  -.5179943627893155D+01  -.5179644987307639D+01  -.5179317349703229D+01
  -.5178953893562671D+01  -.5178547797368711D+01  -.5178092239604096D+01  -.5177580398751573D+01  -.5177005453293887D+01
  -.5176360577118567D+01  -.5175638949153004D+01  -.5174833750671651D+01  -.5173938160157253D+01  -.5172945587826769D+01
  -.5171854857829278D+01  -.5170670268869131D+01  -.5169396363467497D+01  -.5168037684145546D+01  -.5166598773424448D+01
  -.5165084173825372D+01  -.5163498427869489D+01  -.5161846078077969D+01  -.5160131666971981D+01  -.5158359737072695D+01
  -.5156534830901280D+01  -.5154661490978907D+01  -.5152744259826747D+01  -.5150787679965967D+01  -.5148796293917739D+01
  -.5146774644203232D+01  -.5144727273343616D+01  -.5142658723860061D+01  -.5140573538273736D+01  -.5138476259105811D+01
  -.5136371428681940D+01  -.5134263002465781D+01  -.5132151698299721D+01  -.5130037124936595D+01  -.5127918890133909D+01
  -.5125796601649165D+01  -.5123669867239866D+01  -.5121538294663518D+01  -.5119401491677621D+01  -.5117259066039681D+01
  -.5115110625507201D+01  -.5112955777837684D+01  -.5110794130788634D+01  -.5108625292117556D+01  -.5106448869581950D+01
  -.5104264470939322D+01  -.5102071703947174D+01  -.5099870176363011D+01  -.5097659495944336D+01  -.5095439270448654D+01
  -.5093209107633465D+01  -.5090968615256275D+01  -.5088717407739544D+01  -.5086455645368194D+01  -.5084184433319398D+01
  -.5081904970504181D+01  -.5079618456810875D+01  -.5077326091890182D+01  -.5075029075145813D+01  -.5072728605981479D+01
  -.5070425883800892D+01  -.5068122108007763D+01  -.5065818478005806D+01  -.5063516193198729D+01  -.5061216452990245D+01
  -.5058920456784068D+01  -.5056629403983906D+01  -.5054344493993472D+01  -.5052066926216479D+01  -.5049797900056636D+01
  -.5047538614917656D+01  -.5045290270203250D+01  -.5043054065317130D+01  -.5040831199663009D+01  -.5038622756204874D+01
  -.5036428578650540D+01  -.5034247760184712D+01  -.5032079383372614D+01  -.5029922530779467D+01  -.5027776284970493D+01
  -.5025639729167589D+01  -.5023511945338285D+01  -.5021392015806064D+01  -.5019279023136148D+01  -.5017172049893761D+01
  -.5015070178644121D+01  -.5012972491952455D+01  -.5010878072383983D+01  -.5008786002503927D+01  -.5006695364877507D+01
  -.5004605242069949D+01  -.5002514716646473D+01  -.5000422871172300D+01  -.4998328788212654D+01  -.4996231550332757D+01
  -.4994130240392054D+01  -.4992024389723684D+01  -.4989914904617820D+01  -.4987802955218553D+01  -.4985689711669975D+01
  -.4983576344116178D+01  -.4981464022701254D+01  -.4979353917569293D+01  -.4977247198864388D+01  -.4975145036730630D+01
  -.4973048601862620D+01  -.4970959064201353D+01  -.4968877593776606D+01  -.4966805360732469D+01  -.4964743535213033D+01
  -.4962693287362391D+01  -.4960655787324637D+01  -.4958632205243858D+01  -.4956623711264148D+01  -.4954631475529597D+01
  -.4952656668184299D+01  -.4950700459372345D+01  -.4948763916963647D+01  -.4946845626912671D+01  -.4944941607836515D+01
  -.4943047758920612D+01  -.4941159979350393D+01  -.4939274168311290D+01  -.4937386224988736D+01  -.4935492048568164D+01
  -.4933587538235003D+01  -.4931668593174689D+01  -.4929731112572653D+01  -.4927770995614327D+01  -.4925784141485142D+01
  -.4923766446407216D+01  -.4921713811250730D+01  -.4919622135662788D+01  -.4917487318828822D+01  -.4915305259934263D+01
  -.4913071858164545D+01  -.4910783012705100D+01  -.4908434622741359D+01  -.4906022587458754D+01  -.4903543747667358D+01
  -.4901000255780525D+01  -.4898396133024063D+01  -.4895735402922491D+01  -.4893022089000326D+01  -.4890260214782083D+01
  -.4887453803792279D+01  -.4884606879555432D+01  -.4881723465596056D+01  -.4878807585438669D+01  -.4875863262607789D+01
  -.4872894520627930D+01  -.4869905383023609D+01  -.4866899873319345D+01  -.4863882015039651D+01  -.4860855831709046D+01
  -.4857825346826464D+01  -.4854794584700583D+01  -.4851767568898841D+01  -.4848748322945752D+01  -.4845740870365832D+01
  -.4842749217359005D+01  -.4839775858310731D+01  -.4836820610056114D+01  -.4833883014090453D+01  -.4830962611909048D+01
  -.4828058945007201D+01  -.4825171554880210D+01  -.4822299983023377D+01  -.4819443770932001D+01  -.4816602460101382D+01
  -.4813775592026822D+01  -.4810962708203618D+01  -.4808163350127074D+01  -.4805377059292488D+01  -.4802603377195161D+01
  -.4799841845330392D+01  -.4797092005193481D+01  -.4794353398279731D+01  -.4791625566084440D+01  -.4788908050102908D+01
  -.4786200392721656D+01  -.4783502134502618D+01  -.4780812864097284D+01  -.4778132688900782D+01  -.4775462037649140D+01
  -.4772801343892016D+01  -.4770151041179068D+01  -.4767511563059958D+01  -.4764883343084342D+01  -.4762266814801881D+01
  -.4759662411762233D+01  -.4757070567515054D+01  -.4754491715610007D+01  -.4751926289596748D+01  -.4749374723024938D+01
  -.4746837449444235D+01  -.4744314902404295D+01  -.4741807515454782D+01  -.4739315722145350D+01  -.4736839956025660D+01
  -.4734380650645372D+01  -.4731938239554141D+01  -.4729513156301630D+01  -.4727105834437495D+01  -.4724716707511396D+01
   .6896884731684545D+01   .6876004975345484D+01   .6855125219009003D+01   .6834245462669942D+01   .6813365706333461D+01
   .6792485949994400D+01   .6771606193660034D+01   .6750726437316278D+01   .6729846680984492D+01   .6708966924640736D+01
   .6688087168308950D+01   .6667207411965194D+01   .6646327655626132D+01   .6625447899289652D+01   .6604568142950590D+01
   .6583688386616225D+01   .6562808630279743D+01   .6541928873940683D+01   .6521049117604202D+01   .6500169361265140D+01
   .6479289604928660D+01   .6458409848589598D+01   .6437530092250538D+01   .6416650335910418D+01   .6395770579572415D+01
   .6374890823234876D+01   .6354011066896873D+01   .6333131310560392D+01   .6312251554221331D+01   .6291371797882269D+01
   .6270492041545789D+01   .6249612285206728D+01   .6228732528870247D+01   .6207852772531186D+01   .6186973016194705D+01
   .6166093259856701D+01   .6145213503516582D+01   .6124333747177521D+01   .6103453990842097D+01   .6082574234501979D+01
   .6061694478166555D+01   .6040814721826437D+01   .6019934965487376D+01   .5999055209150895D+01   .5978175452812891D+01
   .5957295696476410D+01   .5936415940137350D+01   .5915536183798288D+01   .5894656427461808D+01   .5873776671122746D+01
   .5852896914786265D+01   .5832017158447204D+01   .5811137402108143D+01   .5790257645772719D+01   .5769377889432601D+01
   .5748498133093539D+01   .5727618376758116D+01   .5706738620417998D+01   .5685858864082574D+01   .5664979107742456D+01
   .5644099351403394D+01   .5623219595067971D+01   .5602339838727852D+01   .5581460082392429D+01   .5560580326053367D+01
   .5539700569713249D+01   .5518820813377825D+01   .5497941057038765D+01   .5477061300699703D+01   .5456181544363222D+01
   .5435301788024161D+01   .5414422031687680D+01   .5393542275348620D+01   .5372662519009558D+01   .5351782762673077D+01
   .5330903006335073D+01   .5310023249997535D+01   .5289143493659531D+01   .5268263737319413D+01   .5247383980983989D+01
   .5226504224643871D+01   .5205624468308447D+01   .5184744711969386D+01   .5163864955630324D+01   .5142985199293844D+01
   .5122105442954783D+01   .5101225686618302D+01   .5080345930277951D+01   .5059466173940179D+01   .5038586417602408D+01
   .5017706661264637D+01   .4996826904926866D+01   .4975947148587806D+01   .4955067392250034D+01   .4934187635910973D+01
   .4913307879573202D+01   .4892428123237779D+01   .4871548366900008D+01   .4850668610562237D+01   .4829788854220828D+01
   .4808909097883057D+01   .4788029341547634D+01   .4767149585208572D+01   .4746269828870801D+01   .4725390072533030D+01
   .4704510316195259D+01   .4683630559856198D+01   .4662750803518427D+01   .4641871047180656D+01   .4620991290841594D+01
   .4600111534503823D+01   .4579231778164763D+01   .4558352021826992D+01   .4537472265489220D+01   .4516592509151449D+01
   .4495712752813678D+01   .4474832996476437D+01   .4453953240137375D+01   .4433073483799604D+01   .4412193727461833D+01
   .4391313971124062D+01   .4370434214786820D+01   .4349554458447230D+01   .4328674702109459D+01   .4307794945771688D+01
   .4286915189434445D+01   .4266035433095384D+01   .4245155676757613D+01   .4224275920419842D+01   .4203396164082071D+01
   .4182516407744300D+01   .4161636651406529D+01   .4140756895067468D+01   .4119877138730755D+01   .4098997382391165D+01
   .4078117626053394D+01   .4057237869715623D+01   .4036358113377852D+01   .4015478357040080D+01   .3994598600702310D+01
   .3973718844363248D+01   .3952839088025477D+01   .3931959331687706D+01   .3911079575349174D+01   .3890199819011403D+01
   .3869320062673632D+01   .3848440306335861D+01   .3827560549997445D+01   .3806680793659674D+01   .3785801037321257D+01
   .3764921280983486D+01   .3744041524645715D+01   .3723161768307945D+01   .3702282011970586D+01   .3681402255630996D+01
   .3660522499293225D+01   .3639642742955454D+01   .3618762986617038D+01   .3597883230279267D+01   .3577003473941496D+01
   .3556123717603725D+01   .3535243961265309D+01   .3514364204927538D+01   .3493484448589915D+01   .3472604692251498D+01
   .3451724935913727D+01   .3430845179575956D+01   .3409965423237276D+01   .3389085666899769D+01   .3368205910561089D+01
   .3347326154223318D+01   .3326446397885547D+01   .3305566641547131D+01   .3284686885209508D+01   .3263807128871737D+01
   .3242927372533056D+01   .3222047616195550D+01   .3201167859857779D+01   .3180288103519098D+01   .3159408347181004D+01
   .3138528590843233D+01   .3117648834505140D+01   .3096769078167369D+01   .3075889321829423D+01   .3055009565491330D+01
   .3034129809153104D+01   .3013250052815465D+01   .2992370296477239D+01   .2971490540139146D+01   .2950610783801375D+01
   .2929731027463281D+01   .2908851271125056D+01   .2887971514787110D+01   .2867091758449178D+01   .2846212002111245D+01
   .2825332245773313D+01   .2804452489435153D+01   .2783572733097221D+01   .2762692976759062D+01   .2741813220421129D+01
   .2720933464083050D+01   .2700053707745004D+01   .2679173951407026D+01   .2658294195069053D+01   .2637414438731007D+01
   .2616534682392981D+01   .2595654926054992D+01   .2574768087476562D+01   .2553776081647352D+01   .2532648635615148D+01
   .2511387190606281D+01   .2489993180096624D+01   .2468468035731402D+01   .2446813199851716D+01   .2425030096463428D+01
   .2403120170860161D+01   .2381084852243073D+01   .2358925576739528D+01   .2336643782511047D+01   .2314240896930529D+01
   .2291718364041892D+01   .2269077610873876D+01   .2246320077541038D+01   .2223447198010282D+01   .2200460404056548D+01
   .2177361137191572D+01   .2154150823029134D+01   .2130830905176035D+01   .2107402809751480D+01   .2083867830497241D+01
   .2060227096941734D+01   .2036481718767273D+01   .2012632820485702D+01   .1988681511883565D+01   .1964628913672788D+01
   .1940476141779941D+01   .1916224309686973D+01   .1891874539748237D+01   .1867427940462083D+01   .1842885635632173D+01
   .1818248774590950D+01   .1793519323710896D+01   .1768700048253001D+01   .1743793738132904D+01   .1718803195909922D+01
   .1693731212102112D+01   .1668580585689289D+01   .1643354112216410D+01   .1618054585113275D+01   .1592684804536880D+01
   .1567247560779769D+01   .1541745654563263D+01   .1516182206848071D+01   .1490565479888494D+01   .1464907818594899D+01
   .1439221677075968D+01   .1413519513481450D+01   .1387813783258642D+01   .1362116942859916D+01   .1336441448172076D+01
   .1310799756730581D+01   .1285204322097060D+01   .1259667604829005D+01   .1234202056907859D+01   .1208818694158172D+01
   .1183511867266094D+01   .1158265223680991D+01   .1133062239983841D+01   .1107886386296285D+01   .1082721137246633D+01
   .1057549965551613D+01   .1032356344920170D+01   .1007123746964840D+01   .9818356481056463D+00   .9564755164016655D+00
   .9310268300797716D+00   .9054822641821204D+00   .8799149414670551D+00   .8544395490298782D+00   .8291711413768674D+00
   .8042247388237075D+00   .7797154022439351D+00   .7557581597237636D+00   .7324680451120572D+00   .7099601314002020D+00
   .6883494031116080D+00   .6677509748968200D+00   .6482798203874783D+00   .6300300601475901D+00   .6129546240041470D+00
   .5969480854807783D+00   .5819049551113197D+00   .5677195885902655D+00   .5542864687016427D+00   .5415000069554204D+00
   .5292546352338195D+00   .5174448059180522D+00   .5059649281421826D+00   .4947094559368653D+00   .4835728095922969D+00
   .4724667205940788D+00   .4613938174033321D+00   .4503864968070647D+00   .4394771835620690D+00   .4286982859151643D+00
   .4180822288332712D+00   .4076614259311052D+00   .3974682913753720D+00   .3875352546229019D+00   .3778947140890260D+00
   .3685791101489866D+00   .3596208405637954D+00   .3510396262280712D+00   .3428027671674491D+00   .3348640251710555D+00
   .3271771978607741D+00   .3196960403177824D+00   .3123743396335810D+00   .3051658673747914D+00   .2980243994414304D+00
   .2909037126283237D+00   .2837575830980857D+00   .2765397830339389D+00   .2692040977326315D+00   .2617226596588914D+00
   .2541271752906421D+00   .2464614256500048D+00   .2387691852766161D+00   .2310942331995425D+00   .2234803480125672D+00
   .2159713067656038D+00   .2086108838205079D+00   .2014428667054328D+00   .1945110178519191D+00   .1878591333410428D+00
   .1815309428072732D+00   .1755557518234718D+00   .1699257610315325D+00   .1646272703285049D+00   .1596466257017745D+00
   .1549701166273528D+00   .1505840767408902D+00   .1464748182757280D+00   .1426286540717713D+00   .1390319151956777D+00
   .1356709017415619D+00   .1325319473100928D+00   .1296013303310892D+00   .1268612734426605D+00   .1242856571202669D+00
   .1218473291010223D+00   .1195191548229765D+00   .1172739805051210D+00   .1150846656468197D+00   .1129240641866857D+00
   .1107650317993977D+00   .1085804223533180D+00   .1063430938980873D+00   .1040258972126190D+00   .1016019263482681D+00
   .9906092429993282D-01   .9642004812101081D-01   .9369901826769449D-01   .9091754501302078D-01   .8809534899958663D-01
   .8525214411478062D-01   .8240764690096453D-01   .7958157251677339D-01   .7679363906231128D-01   .7406355895686619D-01
   .7141105257410957D-01   .6885566591855362D-01   .6641013758763471D-01   .6407815171943071D-01   .6186275598441283D-01
   .5976701477706566D-01   .5779397266905408D-01   .5594668948354131D-01   .5422821841770453D-01   .5264161023094039D-01
   .5118992762244705D-01   .4987621459254709D-01   .4870353467536440D-01   .4767455853342630D-01   .4678200468640113D-01
   .4600786437960756D-01   .4533358806782913D-01   .4474063945482329D-01   .4421046888397393D-01   .4372453560057688D-01
   .4326429536102399D-01   .4281120465837168D-01   .4234671934048265D-01   .4185229731108461D-01   .4130939266385325D-01
   .4070039238706794D-01   .4002461411168957D-01   .3929616602873207D-01   .3852965808643902D-01   .3773969548490819D-01
   .3694088731942144D-01   .3614784062404507D-01   .3537516321758683D-01   .3463746131459160D-01   .3394934564938396D-01
   .3332541941221111D-01   .3278029448326181D-01   .3232737454012943D-01   .3196420337236475D-01   .3167710689931635D-01
   .3145216769341092D-01   .3127547660147446D-01   .3113311682476609D-01   .3101117633626573D-01   .3089574133538291D-01
   .3077289879335212D-01   .3062873391492336D-01   .3044933535743645D-01   .3022078725304939D-01   .2993061778374973D-01
   .2958058749244969D-01   .2918057602503795D-01   .2874056227562617D-01   .2827051980099745D-01   .2778042684377596D-01
   .2728025883470921D-01   .2677999224695104D-01   .2628960284925417D-01   .2581906820823240D-01   .2537836267744617D-01
   .2497746445070096D-01   .2462506124442864D-01   .2432010479435730D-01   .2405709407901857D-01   .2383050098541260D-01
   .2363480241090549D-01   .2346447062741867D-01   .2331398082465879D-01   .2317780724714226D-01   .2305042390484787D-01
   .2292630542915276D-01   .2279992600841048D-01   .2266575975801956D-01   .2251938302593838D-01   .2236284429878805D-01
   .2220054823916151D-01   .2203690332881104D-01   .2187631796276704D-01   .2172320020579443D-01   .2158195851275335D-01
   .2145700138342562D-01   .2135273620511881D-01   .2127357317770300D-01   .2122391839128240D-01   .2120818190462493D-01
   .2122837585524279D-01   .2127549265854328D-01   .2133735670672115D-01   .2140179101513367D-01   .2145661873893817D-01
   .2148966403935860D-01   .2148875000666770D-01   .2144169945289396D-01   .2133633856468360D-01   .2116048531051360D-01
   .2090196944653535D-01   .2054860982944869D-01   .2009244744438465D-01   .1954076318613710D-01   .1890427813541103D-01
   .1819372259893275D-01   .1741981650784104D-01   .1659328859319987D-01   .1572486242441026D-01   .1482526283242623D-01
   .1390521574785446D-01   .1297544517934712D-01   .1204667673074463D-01   .1112963334237544D-01   .1023305263978592D-01
   .9360009480829200D-02   .8512576990314548D-02   .7692825186929917D-02   .6902828036151169D-02   .6144655699507362D-02
   .5420380682947768D-02   .4732075414514344D-02   .4081809836356491D-02   .3471659237603037D-02   .2903691929085752D-02
   .2379982074425296D-02   .1902600690254098D-02   .1473618830633289D-02   .1095110972277640D-02   .7691453540677380D-03
   .4977976808084334D-03   .2831368430802522D-03   .1272357214985559D-03   .3216726572158075D-04   .0000000000000000D+00
   .0000000000000000D+00   .2962677590311253D+00   .5905425733103400D+00   .8828244428374453D+00   .1173113367612773D+01
   .1461409347635858D+01   .1747712382907897D+01   .2032022473427526D+01   .2314339619194715D+01   .2594663820210457D+01
   .2872995076475948D+01   .3149333387988035D+01   .3423678754747416D+01   .3696031176755616D+01   .3966390654014230D+01
   .4234757186516785D+01   .4501130774269287D+01   .4765511417272702D+01   .5027899115521548D+01   .5288293869017224D+01
   .5546695677762182D+01   .5803104541753838D+01   .6057520460998564D+01   .6309943435487892D+01   .6560373465222128D+01
   .6808810550209157D+01   .7055254690445281D+01   .7299705885926999D+01   .7542164136654951D+01   .7782629442637599D+01
   .8021101803863685D+01   .8257581220335807D+01   .8492067692058006D+01   .8724561219026105D+01   .8955061801244419D+01
   .9183569438714311D+01   .9410084131428905D+01   .9634605879389133D+01   .9857134682606144D+01   .1007767054106510D+02
   .1029621345476950D+02   .1051276342372933D+02   .1072732044792983D+02   .1093988452738113D+02   .1115045566208491D+02
   .1135903385203249D+02   .1156561909722511D+02   .1177021139767114D+02   .1197281075336297D+02   .1217341716430534D+02
   .1237203063049340D+02   .1256865115193209D+02   .1276327872861293D+02   .1295591336054789D+02   .1314655504772834D+02
   .1333520379015963D+02   .1352185958783910D+02   .1370652244076392D+02   .1388919234893299D+02   .1406986931235391D+02
   .1424855333102593D+02   .1442524440494614D+02   .1459994253411143D+02   .1477264771852797D+02   .1494335995818525D+02
   .1511207925309481D+02   .1527880560325574D+02   .1544353900866487D+02   .1560627946931428D+02   .1576702698522424D+02
   .1592578155636975D+02   .1608254318276791D+02   .1623731186441777D+02   .1639008760131581D+02   .1654087039345836D+02
   .1668966024084776D+02   .1683645714349149D+02   .1698126110137709D+02   .1712407211451202D+02   .1726489018289898D+02
   .1740371530653015D+02   .1754054748541344D+02   .1767538671953539D+02   .1780823300891495D+02   .1793908635353850D+02
   .1806794675341438D+02   .1819481420853416D+02   .1831968871890349D+02   .1844257028451655D+02   .1856345890538797D+02
   .1868235458149719D+02   .1879925731285444D+02   .1891416709946735D+02   .1902708394132072D+02   .1913800783842992D+02
   .1924693879079046D+02   .1935387679838493D+02   .1945882186124183D+02   .1956177397933560D+02   .1966273315267740D+02
   .1976169938127883D+02   .1985867266512518D+02   .1995365300420787D+02   .2004664039855389D+02   .2013763484813608D+02
   .2022663635296630D+02   .2031364491305334D+02   .2039866052837969D+02   .2048168319896660D+02   .2056271292479817D+02
   .2064174970586878D+02   .2071879354219664D+02   .2079384443376338D+02   .2086690238057815D+02   .2093796738265418D+02
   .2100703943996511D+02   .2107411855253370D+02   .2113920472035048D+02   .2120229794340564D+02   .2126339822170883D+02
   .2132250555527398D+02   .2137961994408338D+02   .2143474138813084D+02   .2148786988743347D+02   .2153900544197703D+02
   .2158814805177900D+02   .2163529771682183D+02   .2168045443711695D+02   .2172361821266020D+02   .2176478904345160D+02
   .2180396692948358D+02   .2184115187077120D+02   .2187634386731025D+02   .2190954291908536D+02   .2194074902611735D+02
   .2196996218839748D+02   .2199718240592576D+02   .2202240967870216D+02   .2204564400671870D+02   .2206688538999133D+02
   .2208613382851559D+02   .2210338932227634D+02   .2211865187129336D+02   .2213192147555734D+02   .2214319813507063D+02
   .2215248184983206D+02   .2215977261984162D+02   .2216507044509689D+02   .2216837532559412D+02   .2216968726135422D+02
   .2216900625234759D+02   .2216633229859777D+02   .2216166540009607D+02   .2215500555683874D+02   .2214635276883330D+02
   .2213570703607601D+02   .2212306835856685D+02   .2210843673630323D+02   .2209181216928116D+02   .2207319465751635D+02
   .2205258420099967D+02   .2202998079972847D+02   .2200538445370806D+02   .2197879516293445D+02   .2195021292740760D+02
   .2191963774713158D+02   .2188706962209887D+02   .2185250855231911D+02   .2181595453778469D+02   .2177740757850118D+02
   .2173686767446088D+02   .2169433482567362D+02   .2164980903213165D+02   .2160329029383925D+02   .2155477861079133D+02
   .2150427398299658D+02   .2145177641044705D+02   .2139728589314855D+02   .2134080243109303D+02   .2128232602428931D+02
   .2122185667273520D+02   .2115939437642772D+02   .2109493913536460D+02   .2102849094955717D+02   .2096004981898873D+02
   .2088961574367525D+02   .2081718872360837D+02   .2074276875878845D+02   .2066635584921781D+02   .2058794999489412D+02
   .2050755119581972D+02   .2042515945199225D+02   .2034077476341252D+02   .2025439713008328D+02   .2016602655199934D+02
   .2007566302916635D+02   .1998330656157863D+02   .1988895714924045D+02   .1979261479215038D+02   .1969427949030844D+02
   .1959395124371502D+02   .1949163005236931D+02   .1938731591627185D+02   .1928100883542216D+02   .1917270880982079D+02
   .1906241583946728D+02   .1895012992436215D+02   .1883562480634634D+02   .1871578164349343D+02   .1858968136880316D+02
   .1845742492920154D+02   .1831911610490008D+02   .1817486170450542D+02   .1802477191419842D+02   .1786895948726993D+02
   .1770754083285722D+02   .1754063500353750D+02   .1736836431186034D+02   .1719085418752814D+02   .1700823288984758D+02
   .1682063212700965D+02   .1662818631363632D+02   .1643103321370339D+02   .1622931353822155D+02   .1602317104334024D+02
   .1581275271822436D+02   .1559820838351253D+02   .1537969119811197D+02   .1515735445014912D+02   .1493126244900517D+02
   .1470136917337206D+02   .1446762124047309D+02   .1422996480920126D+02   .1398834520973537D+02   .1374270727402985D+02
   .1349299513003149D+02   .1323915222441250D+02   .1298112150018450D+02   .1271884503768976D+02   .1245226452599420D+02
   .1218134650167282D+02   .1190662899125830D+02   .1162922173321734D+02   .1135027679978947D+02   .1107096503030056D+02
   .1079247652042519D+02   .1051602002892882D+02   .1024282338329540D+02   .9974133634512420D+01   .9711216064833771D+01
   .9455356135821797D+01   .9207856833215981D+01   .8969964023929096D+01   .8741725528776156D+01   .8522218132988760D+01
   .8310476090265734D+01   .8105515051595223D+01   .7906334771000146D+01   .7711917035698122D+01   .7521226779495825D+01
   .7333211890313751D+01   .7146802721766203D+01   .6960912888346404D+01   .6774438497294277D+01   .6586313469473748D+01
   .6396090516092548D+01   .6203725100990394D+01   .6009178811983272D+01   .5812412834986202D+01   .5613387786882258D+01
   .5412063853835350D+01   .5208400717239330D+01   .5002357540306985D+01   .4793893074999883D+01   .4582965476748432D+01
   .4369532529502499D+01   .4153638394302670D+01   .3936090668541596D+01   .3718104175609318D+01   .3500914773800202D+01
   .3285775440763100D+01   .3073957147174282D+01   .2866748014485231D+01   .2665453755140637D+01   .2471398040604430D+01
   .2285921082197333D+01   .2110382062834441D+01   .1946156120571410D+01   .1794423653597561D+01   .1654936800720420D+01
   .1526843827579452D+01   .1409278873826035D+01   .1301360564226021D+01   .1202195377734012D+01   .1110875238350786D+01
   .1026478630875789D+01   .9480706829318138D+00   .8747021656499495D+00   .8054109448115840D+00   .7392205505376498D+00
   .6752530260300204D+00   .6132077789950141D+00   .5529735116694344D+00   .4944375269309679D+00   .4374849962441809D+00
   .3819995950791307D+00   .3278630552960952D+00   .2749553595288164D+00   .2231547879806472D+00   .1723376769815543D+00
   .1223787651130411D+00   .7315084435842148D-01   .2455362339424569D-01  -.2339623396006987D-01  -.7065139182517542D-01
  -.1171638937823080D+00  -.1628854738862572D+00  -.2077672288107431D+00  -.2517598540722613D+00  -.2948135509910575D+00
  -.3368779561992968D+00  -.3779023693153844D+00  -.4178354196408683D+00  -.4566254268323084D+00  -.4942351662431227D+00
  -.5306761137932121D+00  -.5659700928923880D+00  -.6001391681888527D+00  -.6332060595684909D+00  -.6651937254167377D+00
  -.6961256449118998D+00  -.7260257147087971D+00  -.7549181768824800D+00  -.7828278400159578D+00  -.8097797755094817D+00
  -.8357996226150239D+00  -.8609144412063553D+00  -.8851545068428835D+00  -.9085510743713432D+00  -.9311357392993004D+00
  -.9529407384476455D+00  -.9739986545812166D+00  -.9943426090113342D+00  -.1014006197030760D+01  -.1033023435330792D+01
  -.1051428908399774D+01  -.1069257576417114D+01  -.1086544897326808D+01  -.1103317817264193D+01  -.1119585279248876D+01
  -.1135354171849858D+01  -.1150631438825992D+01  -.1165424257345378D+01  -.1179739864194471D+01  -.1193585667810928D+01
  -.1206969215133183D+01  -.1219898148861257D+01  -.1232380313347554D+01  -.1244423617753668D+01  -.1256036136707052D+01
  -.1267224034778698D+01  -.1277990259591948D+01  -.1288337559770746D+01  -.1298268691991562D+01  -.1307786562550164D+01
  -.1316894091348197D+01  -.1325594297784130D+01  -.1333890278809722D+01  -.1341785168481128D+01  -.1349282230434805D+01
  -.1356384741355210D+01  -.1363095800183098D+01  -.1369406316613488D+01  -.1375290819725625D+01  -.1380722507125278D+01
  -.1385674260182370D+01  -.1390118791941243D+01  -.1394028503504657D+01  -.1397375574380714D+01  -.1400131946473265D+01
  -.1402269258612397D+01  -.1403758985739647D+01  -.1404572263634456D+01  -.1404681465109811D+01  -.1404096104876918D+01
  -.1402866248194861D+01  -.1401044593284485D+01  -.1398684356976230D+01  -.1395839435070557D+01  -.1392564260710077D+01
  -.1388913886503976D+01  -.1384943964651464D+01  -.1380710720903398D+01  -.1376271007471281D+01  -.1371682247586380D+01
  -.1367000494162810D+01  -.1362246164950373D+01  -.1357408180127663D+01  -.1352474285256682D+01  -.1347432097687878D+01
  -.1342269125071890D+01  -.1336972746895213D+01  -.1331530225751362D+01  -.1325928707980104D+01  -.1320155207601963D+01
  -.1314196637510192D+01  -.1308039771109235D+01  -.1301671335945946D+01  -.1295078718005406D+01  -.1288249741054585D+01
  -.1281172152663901D+01  -.1273833565491198D+01  -.1266221518258933D+01  -.1258323419875280D+01  -.1250126581245134D+01
  -.1241618216047979D+01  -.1232785404063050D+01  -.1223615159331485D+01  -.1214094350374883D+01  -.1204210734375101D+01
  -.1193961541045385D+01  -.1183349462099350D+01  -.1172377328947588D+01  -.1161047978151197D+01  -.1149364336964911D+01
  -.1137329349212983D+01  -.1124946015353681D+01  -.1112217393197520D+01  -.1099146557646997D+01  -.1085736671981903D+01
  -.1071990908608430D+01  -.1057915433935450D+01  -.1043538634996248D+01  -.1028899330282653D+01  -.1014036780926059D+01
  -.9989906023183766D+00  -.9838007994111186D+00  -.9685077415078943D+00  -.9531521749844074D+00  -.9377752160818373D+00
  -.9224183642994337D+00  -.9071234763710065D+00  -.8919328007750660D+00  -.8768794070864916D+00  -.8619405017267081D+00
  -.8470725882186499D+00  -.8322317241597593D+00  -.8173735776749312D+00  -.8024534047161938D+00  -.7874260626967230D+00
  -.7722460036202811D+00  -.7568672835975102D+00  -.7412435376781922D+00  -.7253280257990562D+00  -.7090735767681902D+00
  -.6924465700251771D+00  -.6754773498028144D+00  -.6582150468166534D+00  -.6407092597692504D+00  -.6230100106626691D+00
  -.6051677832946816D+00  -.5872334977724617D+00  -.5692585232058406D+00  -.5512946679479301D+00  -.5333942011488840D+00
  -.5156098125530520D+00  -.4979946616363733D+00  -.4805834519816351D+00  -.4633427464662520D+00  -.4462233179350297D+00
  -.4291754850807112D+00  -.4121491534256023D+00  -.3950937803419635D+00  -.3779583971731539D+00  -.3606915981066403D+00
  -.3432415507145425D+00  -.3255559712734554D+00  -.3075821696887995D+00  -.2892670370485429D+00  -.2705953596332676D+00
  -.2516613167497856D+00  -.2325793287183661D+00  -.2134647801626788D+00  -.1944340245936112D+00  -.1756043587371595D+00
  -.1570940540599069D+00  -.1390223486950996D+00  -.1215093998973311D+00  -.1046764209095811D+00  -.8864545501441366D-01
  -.7353962223284687D-01  -.5948293821132733D-01  -.4660037549631777D-01  -.3501795941516742D-01  -.2486250699409001D-01
  -.1626200552952452D-01  -.9345206638306732D-02  -.4241939437159474D-02  -.1083000323835118D-02   .0000000000000000D+00
