# Henriksson, K.O.E., et al., J. Phys.: Condens. Matter 25, 445401 (2013)
# Fe-C interaction: r, V_ZBL, d/dr (V_ZBL) [Eqn. 7]
0.1 11017.8070939 -174171.329319
0.12 8199.08149499 -113586.164379
0.14 6308.16554484 -78432.4356711
0.16 4975.07299419 -56479.4661319
0.18 3999.76947576 -41994.2137098
0.2 3265.50739406 -32019.5612465
0.22 2700.00246224 -24913.924834
0.24 2256.34395703 -19711.036064
0.26 1902.8997052 -15814.1879848
0.28 1617.65404236 -12839.8482835
0.3 1384.8730988 -10533.0195014
0.32 1193.05786869 -8719.19432911
0.34 1033.6423631 -7275.94496736
0.36 900.139773677 -6115.51418717
0.38 787.567233567 -5173.80892264
0.4 692.049035941 -4403.24643251
0.42 610.537208318 -3767.98862705
0.44 540.611088664 -3240.6967824
0.46 480.331207551 -2800.2776985
0.48 428.131206064 -2430.29054907
0.5 382.73684536 -2117.80274235
0.52 343.104606821 -1852.5564153
0.54 308.374653154 -1626.35333325
0.56 277.834447467 -1432.59562569
0.58 250.890371168 -1265.93921351
0.6 227.045406361 -1122.02973088
0.62 205.881459113 -997.299515081
0.64 187.0452645 -888.810268573
0.66 170.237077737 -794.130201497
0.68 155.201548151 -711.237432126
0.7 141.72031484 -638.443543951
0.72 129.60596873 -574.332730897
0.74 118.697105363 -517.713080752
0.76 108.854253071 -467.577371104
0.78 99.9565073118 -423.071364785
0.8 91.8987373651 -383.468050917
0.82 84.5892590521 -348.1466245
0.84 77.9478885237 -316.575261211
0.86 71.9043089201 -288.296946109
0.88 66.3966949073 -262.917770599
0.9 61.3705505525 -240.097232686
0.92 56.7777243181 -219.540169631
0.94 52.5755716087 -200.990025835
0.96 48.7262406415 -184.223216847
0.98 45.1960617179 -169.044396339
1 41.955023458 -155.282469411
1.02 38.9763223885 -142.787224736
1.04 36.2359745847 -131.42648143
1.06 33.7124799515 -121.083665315
1.08 31.3865312815 -111.655744439
1.1 29.2407615009 -103.051466004
1.12 27.2595235688 -95.1898468644
1.14 25.4286983675 -87.9988779088
1.16 23.7355266461 -81.4144093188
1.18 22.1684616837 -75.3791891783
1.2 20.7170398422 -69.8420324092
1.22 19.3717666004 -64.7571007392
1.24 18.1240160164 -60.0832774808
1.26 16.965941861 -55.7836234592
1.28 15.89039892 -51.8249025522
1.3 14.8908731716 -48.177167077
1.32 13.9614197276 -44.8133947401
1.34 13.0966075801 -41.7091701078
1.36 12.291470324 -38.8424045985
1.38 11.5414621376 -36.1930898712
1.4 10.8424183992 -33.7430802302
1.42 10.1905203966 -31.4759002839
1.44 9.58226365848 -29.3765746325
1.46 9.01442949533 -27.431476802
1.48 8.48405938906 -25.6281950301
1.5 7.98843191642 -23.9554128293
1.52 7.5250419282 -22.4028025361
1.54 7.09158174086 -20.9609302881
1.56 6.68592412572 -19.6211710784
1.58 6.3061069063 -18.3756327082
1.6 5.95031899617 -17.217087612
1.62 5.61688772926 -16.1389116587
1.64 5.30426735099 -15.1350291406
1.66 5.01102855353 -14.1998632652
1.68 4.73584895128 -13.3282915428
1.7 4.4775044042 -12.5156055391
1.72 4.23486110634 -11.7574745238
1.74 4.0068683659 -11.0499126022
1.76 3.792552011 -10.3892489633
1.78 3.59100836192 -9.7721009227
1.8 3.4013987171 -9.19534947143
1.82 3.22294430514 -8.65611707793
1.84 3.05492166017 -8.15174751582
1.86 2.89665838211 -7.67978751646
1.88 2.74752924715 -7.23797006649
1.9 2.60695263718 -6.82419919024
1.92 2.47438725989 -6.43653607351
1.94 2.34932913413 -6.07318640076
1.96 2.23130881728 -5.7324887905
1.98 2.11988885389 -5.41290422623
2 2.01466142644 -5.11300638997
2.02 1.91524619114 -4.83147281551
2.04 1.82128828313 -4.56707678628
2.06 1.73245647677 -4.31867991038
2.08 1.64844148824 -4.08522531202
2.1 1.56895440859 -3.86573138426
2.12 1.49372525649 -3.65928605349
2.14 1.42250164106 -3.46504151068
2.16 1.3550475256 -3.28220936872
2.18 1.29114208439 -3.11005620899
2.2 1.2305786448 -2.94789948376
2.22 1.17316370816 -2.79510374398
2.24 1.11871604295 -2.651077165
2.26 1.06706584482 -2.51526834499
2.28 1.01805395801 -2.38716335349
2.3 0.971531153523 -2.26628300901
2.32 0.927357459608 -2.152180367
2.34 0.885401540506 -2.04443840084
2.36 0.845540119801 -1.94266786004
2.38 0.807657444946 -1.84650529139
2.4 0.771644789845 -1.7556112098
2.42 0.737399992629 -1.66966840689
2.44 0.704827025966 -1.58838038633
2.46 0.673835597489 -1.51146991589
2.48 0.644340778092 -1.43867768686
2.5 0.616262656031 -1.36976107265
2.52 0.589526014931 -1.30449297856
2.54 0.56406003394 -1.24266077579
2.56 0.539798008422 -1.18406531314
2.58 0.516677089683 -1.12852000037
2.6 0.494638042364 -1.07584995785
2.62 0.473625018219 -1.0258912272
2.64 0.453585345107 -0.978490038621
2.66 0.43446933011 -0.933502130341
2.68 0.416230075772 -0.890792116397
2.7 0.398823308529 -0.850232899118
2.72 0.382207218473 -0.811705122941
2.74 0.366342309648 -0.775096666514
2.76 0.351191260149 -0.740302170247
2.78 0.336718791334 -0.707222596693
2.8 0.322891545522 -0.675764821365
2.82 0.309677971591 -0.645841251749
2.84 0.297048217926 -0.617369472477
2.86 0.284974032223 -0.59027191475
2.88 0.273428667672 -0.564475548269
2.9 0.262386795095 -0.53991159406
2.92 0.251824420627 -0.516515256678
2.94 0.241718808571 -0.494225474435
2.96 0.232048409084 -0.472984686344
2.98 0.222792790359 -0.452738614613
3 0.213932575017 -0.433436061592
3.02 0.205449380421 -0.415028720145
3.04 0.197325762658 -0.397470996524
3.06 0.189545163945 -0.380719844857
3.08 0.182091863235 -0.364734612463
3.1 0.174950929815 -0.349476895222
3.12 0.168108179705 -0.33491040233
3.14 0.161550134668 -0.321000829773
3.16 0.155263983673 -0.307715741939
3.18 0.149237546646 -0.295024460813
3.2 0.143459240369 -0.282897962223
3.22 0.137918046383 -0.271308778684
3.24 0.132603480774 -0.260230908378
3.26 0.127505565724 -0.249639729862
3.28 0.122614802713 -0.239511922128
3.3 0.117922147261 -0.22982538965
3.32 0.113418985136 -0.220559192085
3.34 0.109097109913 -0.211693478335
3.36 0.104948701817 -0.20320942466
3.38 0.10096630776 -0.195089176601
3.4 0.0971428225058 -0.18731579444
3.42 0.0934714708983 -0.179873201988
3.44 0.0899457910711 -0.172746138466
3.46 0.086559618599 -0.165920113292
3.48 0.0833070715224 -0.159381363585
3.5 0.0801825361978 -0.153116814203
3.52 0.0771806539219 -0.147114040166
3.54 0.0742963082859 -0.141361231301
3.56 0.0715246132152 -0.135847158971
3.58 0.0688609016552 -0.130561144767
3.6 0.0663007148643 -0.125493031017
3.62 0.0638397922798 -0.120633153025
3.64 0.0614740619224 -0.115972312905
3.66 0.059199631309 -0.111501754936
3.68 0.0570127788441 -0.107213142325
3.7 0.0549099456624 -0.1030985353
3.72 0.0528877278969 -0.0991503704474
3.74 0.0509428693488 -0.0953614412251
3.76 0.0490722545355 -0.0917248795674
3.78 0.0472729020964 -0.0882341385266
3.8 0.045541958536 -0.0848829758818
3.82 0.0438766922859 -0.0816654386606
3.84 0.042274488067 -0.0785758485163
3.86 0.0407328415367 -0.0756087879108
3.88 0.0392493542046 -0.0727590870553
3.9 0.0378217286018 -0.0700218115636
3.92 0.0364477636912 -0.0673922507758
3.94 0.0351253505042 -0.0648659067137
3.96 0.0338524679922 -0.0624384836301
3.98 0.0326271790825 -0.0601058781181
4 0.0314476269252 -0.0578641697479
4.02 0.0303120313239 -0.0557096122
4.04 0.0292186853375 -0.053638624867
4.06 0.0281659520468 -0.0516477848968
4.08 0.0271522614752 -0.0497338196521
4.1 0.0261761076567 -0.0478935995629
4.12 0.0252360458424 -0.0461241313488
4.14 0.0243306898405 -0.0444225515921
4.16 0.0234587094796 -0.0427861206398
4.18 0.0226188281923 -0.0412122168184
4.2 0.021809820711 -0.0396983309421
4.22 0.0210305108705 -0.0382420611001
4.24 0.0202797695124 -0.0368411077056
4.26 0.0195565124864 -0.0354932687948
4.28 0.0188596987425 -0.0341964355588
4.3 0.0181883285111 -0.0329485880997
4.32 0.0175414415649 -0.0317477913951
4.34 0.0169181155606 -0.0305921914627
4.36 0.0163174644549 -0.0294800117123
4.38 0.0157386369911 -0.0284095494761
4.4 0.0151808152544 -0.027379172708
4.42 0.0146432132911 -0.0263873168426
4.44 0.0141250757889 -0.0254324818049
4.46 0.013625676816 -0.0245132291645
4.48 0.0131443186155 -0.0236281794251
4.5 0.0126803304526 -0.0227760094431
4.52 0.0122330675125 -0.0219554499681
4.54 0.0118019098461 -0.0211652833001
4.56 0.0113862613615 -0.0204043410562
4.58 0.010985548859 -0.0196715020413
4.6 0.0105992211081 -0.0189656902193
4.62 0.0102267479636 -0.0182858727767
4.64 0.00986761951957 -0.0176310582769
4.66 0.00952134530011 -0.0170002948986
4.68 0.00918745348347 -0.0163926687553
4.7 0.00886549015976 -0.0158073022914
4.72 0.00855501861973 -0.0152433527507
4.74 0.00825561867346 -0.014700010715
4.76 0.00796688599774 -0.0141764987078
4.78 0.0076884315106 -0.0136720698614
4.8 0.00741988077201 -0.0131860066428
4.82 0.00716087340945 -0.0127176196372
4.84 0.00691106256724 -0.0122662463847
4.86 0.00667011437866 -0.0118312502692
4.88 0.00643770745974 -0.0114120194559
4.9 0.00621353242394 -0.011007965875
4.92 0.00599729141656 -0.0106185242507
4.94 0.00578869766826 -0.010243151172
4.96 0.00558747506674 -0.00988132420376
4.98 0.00539335774573 -0.00953254103671
5 0.0052060896907 -0.00919631867353
