# Henriksson, K.O.E., et al., J. Phys.: Condens. Matter 25, 445401 (2013)
# C-C interaction: r, V_ZBL, d/dr (V_ZBL) [Eqn. 7]
0.002 256064 -1.29586e+08
0.004 126518 -3.23874e+07
0.006 83175.2 -1.43877e+07
0.008 61580.2 -8.08791e+06
0.01 48653.6 -5.17203e+06
0.012 40017.8 -3.58813e+06
0.014 33843.7 -2.63311e+06
0.016 29219.9 -2.01329e+06
0.018 25626.9 -1.58836e+06
0.02 22765.4 -1.28443e+06
0.022 20431 -1.05958e+06
0.024 18491.5 -888571
0.026 16855.9 -755502
0.028 15459.5 -649930
0.03 14254.5 -564771
0.035 11858.9 -412118
0.04 10066.4 -313094
0.045 8688.59 -245252
0.05 7603.04 -196767
0.055 6728.45 -160932
0.06 6008.15 -133711
0.065 5402.53 -112558
0.07 4887.98 -95802.1
0.075 4448.01 -82311.1
0.08 4068.49 -71294
0.085 3738.14 -62186
0.09 3447.69 -54574.4
0.095 3190.07 -48591.6
0.1 2960.1 -43435.9
0.105 2753.78 -39070.9
0.11 2567.87 -35309
0.115 2399.66 -32056.3
0.12 2246.76 -29202.1
0.125 2107.23 -26695.4
0.13 1979.45 -24483.4
0.135 1862.03 -22522.5
0.14 1753.84 -20776.1
0.145 1653.91 -19213
0.15 1561.4 -17806.8
0.155 1475.59 -16536
0.16 1395.84 -15382.6
0.165 1321.61 -14332.1
0.17 1252.39 -13372.5
0.175 1187.75 -12493.7
0.18 1127.32 -11687.1
0.185 1070.75 -10945.2
0.19 1017.74 -10261.5
0.195 968.028 -9630.08
0.2 921.351 -9045.92
0.205 877.489 -8504.5
0.21 836.233 -8001.91
0.215 797.406 -7534.59
0.22 760.832 -7099.57
0.225 726.355 -6694.17
0.23 693.83 -6316.05
0.235 663.136 -5963.01
0.24 634.149 -5633.14
0.245 606.759 -5324.7
0.25 580.857 -5036.08
0.255 556.357 -4765.78
0.26 533.162 -4512.45
0.265 511.196 -4274.86
0.27 490.376 -4051.89
0.275 470.643 -3842.47
0.28 451.928 -3645.66
0.285 434.166 -3460.6
0.29 417.297 -3286.52
0.295 401.277 -3122.67
0.3 386.048 -2968.43
0.305 371.569 -2823.11
0.31 357.797 -2686.17
0.315 344.691 -2557.08
0.32 332.211 -2435.33
0.325 320.326 -2320.47
0.33 308.996 -2212.05
0.335 298.193 -2109.69
0.34 287.887 -2012.98
0.345 278.052 -1921.59
0.35 268.662 -1835.19
0.355 259.692 -1753.47
0.36 251.12 -1676.16
0.365 242.924 -1603.01
0.37 235.084 -1533.76
0.375 227.58 -1468.19
0.38 220.396 -1406.09
0.385 213.513 -1347.26
0.39 206.917 -1291.52
0.395 200.592 -1238.69
0.4 194.525 -1188.61
0.405 188.702 -1141.13
0.41 183.111 -1096.1
0.415 177.738 -1053.38
0.42 172.573 -1012.85
0.425 167.606 -974.398
0.43 162.827 -937.904
0.435 158.226 -903.269
0.44 153.793 -870.398
0.445 149.521 -839.198
0.45 145.4 -809.589
0.455 141.423 -781.489
0.46 137.585 -754.826
0.465 133.875 -729.533
0.47 130.287 -705.54
0.475 126.818 -682.784
0.48 123.46 -661.213
0.485 120.206 -640.77
0.49 117.051 -621.4
0.495 113.99 -603.055
0.5 111.019 -585.687
0.505 108.133 -569.248
0.51 105.327 -553.692
0.515 102.596 -538.976
0.52 99.9374 -525.053
0.525 97.3464 -511.881
0.53 94.8204 -499.413
0.535 92.3522 -487.613
0.54 89.9431 -476.426
0.545 87.5885 -465.813
0.55 85.2859 -455.723
0.555 83.0329 -446.153
0.56 80.8261 -437.044
0.565 78.6632 -429.083
0.57 76.5304 -423.511
0.575 74.4225 -418.456
0.58 72.3408 -412.908
0.585 70.2894 -407.166
0.59 68.2669 -401.141
0.595 66.2755 -394.901
0.6 64.3161 -388.481
0.605 62.3894 -381.906
0.61 60.4962 -375.195
0.615 58.6371 -368.367
0.62 56.811 -361.448
0.625 55.0145 -361.952
0.63 53.2258 -353.495
0.635 51.4791 -345.198
0.64 49.7733 -337.059
0.645 48.1081 -329.067
0.65 46.4826 -321.214
0.655 44.8957 -313.513
0.66 43.347 -305.956
0.665 41.836 -298.523
0.67 40.3612 -291.232
0.675 38.9231 -284.066
0.68 37.5197 -277.037
0.685 36.1519 -270.135
0.69 34.8183 -263.352
0.695 33.5178 -256.704
0.7 32.2503 -250.182
0.705 31.0151 -243.781
0.71 29.8114 -237.506
0.715 28.6393 -231.347
0.72 27.4973 -225.313
0.725 26.3861 -219.391
0.73 25.4035 -214.598
0.735 24.2482 -207.924
0.74 23.313 -203.351
0.745 22.2232 -196.919
0.75 21.3323 -192.562
0.755 20.3058 -186.376
0.76 19.458 -182.226
0.765 18.4924 -176.281
0.77 17.6852 -172.336
0.775 16.7781 -166.622
0.78 16.0105 -162.883
0.785 15.207 -158.319
0.79 14.4267 -153.861
0.795 13.6685 -149.504
0.8 12.9312 -145.253
0.805 12.215 -141.104
0.81 11.5195 -137.054
0.815 10.8439 -133.1
0.82 10.1885 -129.242
0.825 9.55158 -125.479
0.83 8.93335 -121.807
0.835 8.33327 -118.225
0.84 7.75094 -114.731
0.845 7.18596 -111.323
0.85 6.6379 -107.999
0.855 6.10635 -104.758
0.86 5.5909 -101.597
0.865 5.0911 -98.5158
0.87 4.60653 -95.5116
0.875 4.13675 -92.5829
0.88 3.68142 -89.7283
0.885 3.29804 -85.6173
0.89 2.81238 -84.2352
0.895 2.46986 -80.1978
0.9 1.99702 -79.0162
0.905 1.69418 -75.0458
0.91 1.32543 -72.566
0.915 0.968872 -70.1491
0.92 0.624209 -67.7929
0.925 0.291332 -65.4971
0.93 -0.0303838 -63.2588
0.935 -0.340837 -61.0771
0.94 -0.640852 -58.9511
0.945 -0.930173 -56.8791
0.95 -1.20925 -54.8597
0.955 -1.47833 -52.8914
0.96 -1.73771 -50.974
0.965 -1.98753 -49.105
0.97 -2.22811 -47.2841
0.975 -2.45994 -45.5098
0.98 -2.68277 -43.781
0.985 -2.89702 -42.097
0.99 -3.10313 -40.4573
0.995 -3.30104 -38.8589
1 -3.74385 -39.3871
1.01 -4.12233 -36.4551
1.02 -4.47241 -33.6739
1.03 -4.79564 -31.0396
1.04 -5.09333 -28.5437
1.05 -5.36658 -26.1781
1.06 -5.61674 -23.9378
1.07 -5.84499 -21.82
1.08 -6.05258 -19.8083
1.09 -6.24054 -17.907
1.1 -6.40989 -16.1173
1.11 -6.56202 -14.4083
1.12 -6.69758 -12.7987
1.13 -6.81758 -11.2772
1.14 -6.92287 -9.83943
1.15 -7.01423 -8.48535
1.16 -7.09242 -7.20305
1.17 -7.15825 -5.99383
1.18 -7.21233 -4.85752
1.19 -7.11633 -10.0238
1.2 -7.21094 -8.85789
1.21 -7.29341 -7.75434
1.22 -7.36538 -6.71044
1.23 -7.42753 -5.72397
1.24 -7.4797 -4.79144
1.25 -7.52283 -3.91044
1.26 -7.55746 -3.07865
1.27 -7.58406 -2.29386
1.28 -7.603 -1.55354
1.29 -7.61494 -0.856063
1.3 -7.61968 -0.199309
1.31 -7.61895 0.418621
1.32 -7.61169 1.00097
1.33 -7.59895 1.54511
1.34 -7.58081 2.05742
1.35 -7.55768 2.53816
1.36 -7.52996 2.9883
1.37 -7.4977 3.41109
1.38 -7.46137 3.8059
1.39 -7.42078 4.17449
1.4 -7.37701 4.51891
1.41 -7.33047 4.83993
1.42 -7.28039 5.13859
1.43 -7.22747 5.41601
1.44 -7.17192 5.67337
1.45 -7.11369 5.91073
1.46 -7.05341 6.13066
1.47 -6.991 6.33305
1.48 -6.92628 6.51725
1.49 -6.86022 6.68745
1.5 -6.79261 6.84254
1.51 -6.72347 6.98348
1.52 -6.65357 7.1107
1.53 -6.58178 7.22593
1.54 -6.50899 7.32878
1.55 -6.43506 7.42082
1.56 -6.36036 7.50232
1.57 -6.28493 7.57334
1.58 -6.2088 7.63499
1.59 -6.13206 7.68883
1.6 -6.04583 7.54284
1.61 -5.96403 7.38673
1.62 -5.88707 7.24136
1.63 -5.81363 7.11399
1.64 -5.74428 6.99022
1.65 -5.67793 6.8701
1.66 -5.61435 6.75651
1.67 -5.55373 6.63999
1.68 -5.49511 6.53509
1.69 -5.43975 6.42057
1.7 -5.38609 6.31722
1.71 -5.3352 6.20928
1.72 -5.28456 6.11986
1.73 -5.25215 5.90451
1.74 -5.19306 5.9167
1.75 -5.13384 5.92518
1.76 -5.07494 5.9294
1.77 -5.01556 5.93135
1.78 -4.95614 5.93043
1.79 -4.89665 5.92703
1.8 -4.83731 5.92117
1.81 -4.77798 5.91335
1.82 -4.71878 5.90333
1.83 -4.65958 5.89129
1.84 -4.60071 5.87705
1.85 -4.5421 5.86008
1.86 -4.48361 5.84193
1.87 -4.42534 5.82198
1.88 -4.36727 5.80043
1.89 -4.30944 5.7774
1.9 -4.25183 5.75297
1.91 -4.19458 5.72639
1.92 -4.13748 5.70016
1.93 -4.08061 5.67234
1.94 -4.02402 5.64334
1.95 -3.96771 5.61341
1.96 -3.9117 5.58261
1.97 -3.85604 5.55047
1.98 -3.80063 5.51792
1.99 -3.74554 5.4846
2.00 -3.69073 5.45036
2.2 -2.67331 4.70655
2.5 -1.67984 1.98342
3.0 -0.907223 1.16192
