# Henriksson, K.O.E., et al., J. Phys.: Condens. Matter 25, 445401 (2013)
# Fe-Fe interaction: r, V_ZBL, d/dr (V_ZBL) [Eqn. 7]
0.01 878346.569278 -96550354.3062
0.02 399004.51277 -23651601.448
0.03 243133.095776 -10223822.1098
0.04 167540.528833 -5568313.68481
0.05 123697.769379 -3441665.18807
0.06 95497.2881516 -2305022.19824
0.07 76080.5023228 -1632242.60079
0.08 62047.7512058 -1204307.08051
0.09 51530.3660612 -917094.566765
0.1 43420.9006995 -716114.342285
0.11 37024.1930363 -570692.026224
0.12 31883.5541231 -462540.834112
0.13 27687.6338965 -380241.289464
0.14 24217.5199313 -316383.242594
0.15 21315.2200733 -266000.003399
0.16 18864.1216682 -225669.001889
0.17 16776.4592515 -192974.248045
0.18 14985.0392494 -166173.861214
0.19 13437.6348717 -143988.236976
0.2 12093.1034678 -125461.513355
0.21 10918.6427688 -109868.855613
0.22 9887.81687901 -96653.1106979
0.23 8979.11287493 -85380.7149701
0.24 8174.86973284 -75710.4809059
0.25 7460.47278401 -67371.157917
0.26 6823.7403571 -60145.0712747
0.27 6254.45143004 -53856.0363922
0.28 5743.97805006 -48360.3230707
0.29 5284.99650575 -43539.8240875
0.3 4871.25833893 -39296.8363756
0.31 4497.40728563 -35550.0352998
0.32 4158.83180184 -32231.3410321
0.33 3851.54540241 -29283.4586015
0.34 3572.08891793 -26657.9314261
0.35 3317.45015729 -24313.5896629
0.36 3084.99749246 -22215.3046484
0.37 2872.42465469 -20332.9824893
0.38 2677.70461679 -18640.7458798
0.39 2499.05088283 -17116.2650932
0.4 2334.88485093 -15740.2079724
0.41 2183.80818123 -14495.7854397
0.42 2044.57930973 -13368.3741246
0.43 1916.09341192 -12345.201602
0.44 1797.36525014 -11415.0827268
0.45 1687.51444117 -10568.197877
0.46 1585.75276324 -9795.90572978
0.47 1491.37318783 -9090.58462254
0.48 1403.74037557 -8445.49767188
0.49 1322.28241879 -7854.67772134
0.5 1246.4836491 -7312.82889927
0.51 1175.87835758 -6815.24214214
0.52 1110.04529925 -6357.72249973
0.53 1048.6028731 -5936.52641279
0.54 991.204886036 -5548.30745781
0.55 937.536822233 -5190.06930236
0.56 887.312551424 -4859.12481824
0.57 840.271418983 -4553.06046771
0.58 796.17566895 -4269.70521681
0.59 754.808157954 -4007.1033451
0.6 715.970323822 -3763.49061675
0.61 679.480377597 -3537.27335828
0.62 645.171691885 -3327.010055
0.63 612.891362046 -3131.39513465
0.64 582.498919815 -2949.24465428
0.65 553.865181566 -2779.48364633
0.66 526.871215714 -2621.13491403
0.67 501.407415674 -2473.30909494
0.68 477.37266651 -2335.19583614
0.69 454.673594845 -2206.05594536
0.7 433.223892878 -2085.21440059
0.71 412.943708444 -1972.05411568
0.72 393.759094016 -1866.0103729
0.73 375.601508368 -1766.56584484
0.74 358.407365371 -1673.24613759
0.75 342.117624988 -1585.6157958
0.76 326.677422142 -1503.27471752
0.77 312.03572957 -1425.854933
0.78 298.145051241 -1353.01770729
0.79 284.961143286 -1284.45093112
0.8 272.442759697 -1219.86676889
0.81 260.551420389 -1158.99953606
0.82 249.251199435 -1101.60378177
0.83 238.508531542 -1047.45255487
0.84 228.292035038 -996.335834263
0.85 218.572349791 -948.059106785
0.86 209.32198869 -902.442077212
0.87 200.515201412 -859.317497221
0.88 192.127849355 -818.530101239
0.89 184.137290734 -779.935638549
0.9 176.522274899 -743.399992148
0.91 169.262845079 -708.798375861
0.92 162.340248787 -676.014602112
0.93 155.736855232 -644.940413552
0.94 149.436079109 -615.474872456
0.95 143.42231024 -587.523802414
0.96 137.680848552 -560.999277429
0.97 132.197843947 -535.819153984
0.98 126.960240651 -511.906642147
0.99 121.955725675 -489.189912111
1 117.172681046 -467.601732987
1.05 96.2162108693 -374.518287889
1.1 79.3841307382 -301.695997319
1.15 65.7898109435 -244.322672026
1.2 54.7542801177 -198.83375969
1.25 45.7532142198 -162.559489381
1.3 38.3786740069 -133.480403921
1.35 32.3111343664 -110.055411591
1.4 27.2988008996 -91.099147849
1.45 23.1421559971 -75.6933790941
1.5 19.6823041377 -63.1222452099
1.55 16.7921084645 -52.8244191031
1.6 14.3693991257 -44.3574201503
1.65 12.3317336222 -37.3707594336
1.7 10.6123295692 -31.585570104
1.75 9.15688985309 -26.7790454702
1.8 7.92111171437 -22.7724724857
1.85 6.86872325765 -19.4219754373
1.9 5.9699290044 -16.6113173809
1.95 5.2001743188 -14.246274237
2 4.53915959212 -12.2502180243
2.05 3.97005090576 -10.5606348295
2.1 3.47884588463 -9.1263690036
2.15 3.05386259049 -7.90543418478
2.2 2.68532631037 -6.86326861101
2.25 2.36503449297 -5.97134004696
2.3 2.08608426649 -5.20602683065
2.35 1.84265022326 -4.54771774325
2.4 1.62980269651 -3.98008585429
2.45 1.44335874651 -3.48950110819
2.5 1.27975964076 -3.0645538754
2.55 1.13596985041 -2.69566749873
2.6 1.00939356581 -2.37478240602
2.65 0.897805512374 -2.0950979219
2.7 0.799293468969 -1.85086071503
2.75 0.712210386351 -1.63719103075
2.8 0.635134400358 -1.44993961159
2.85 0.566835353238 -1.28556960023
2.9 0.506246693052 -1.14105882687
2.95 0.452441828056 -1.01381876793
3 0.404614180258 -0.901627169921
3.05 0.362060317992 -0.802571899966
3.1 0.324165657419 -0.715004040318
3.15 0.290392312531 -0.637498611452
3.2 0.260268746303 -0.568821604776
3.25 0.233380935379 -0.507902245748
3.3 0.209364809638 -0.453809602539
3.35 0.187899768126 -0.405732813182
3.4 0.168703105862 -0.362964332592
3.45 0.151525213291 -0.32488570553
3.5 0.136145432594 -0.290955457149
3.55 0.122368473715 -0.260698762748
3.6 0.110021308375 -0.233698615819
3.65 0.0989504731847 -0.209588260615
3.7 0.0890197236477 -0.188044694352
3.75 0.080107989761 -0.168783076183
3.8 0.0721075913927 -0.15155190656
3.85 0.0649226778528 -0.13612886257
3.9 0.0584678613382 -0.122317192988
3.95 0.0526670183488 -0.109942591964
4 0.0474522369042 -0.0988504828366
4.05 0.0427628905436 -0.0889036541054
4.1 0.0385448227639 -0.0799801984099
4.15 0.0347496278177 -0.0719717127103
4.2 0.0313340157255 -0.0647817240911
4.25 0.0282592509996 -0.0583243108107
4.3 0.0254906559838 -0.0525228926196
4.35 0.022997170916 -0.0473091680893
4.4 0.0207509638531 -0.0426221798368
4.45 0.0187270844856 -0.0384074912051
4.5 0.0169031566301 -0.0346164602231
4.55 0.0152591048513 -0.0312055986099
4.6 0.0137769112313 -0.028136005232
4.65 0.0124403987983 -0.0253728648384
4.7 0.0112350385548 -0.0228850041075
4.75 0.0101477774173 -0.0206444980755
4.8 0.00916688470213 -0.0186263209138
4.85 0.00828181507513 -0.0168080357894
4.9 0.00748308612798 -0.0151695192092
4.95 0.00676216896046 -0.0136927158222
5 0.00611139033542 -0.0123614201537
