Potential generated by PoCo (FE) on 12/05/97 at 10.59.13                        
Traj. : 2 C|2 C|2 C|2 C|1 C|1 C|sig|sig|sig|sig|Al |Al |Al |the|the|thet        
Aluminum   (Z= 13)Copper     (Z= 29)                                            
    2
  500  0.1202404809619238D-01  500  0.1139742685370741D-01  0.5687316000000000D+01
   13     26.982         4.0320         FCC
  0.0000000000000000D+00 -0.1955308516385325D+00 -0.3709428419507702D+00 -0.5273976809256672D+00 -0.6660570785521777D+00
 -0.7880827448192556D+00 -0.8946363897158549D+00 -0.9868796963197619D+00 -0.1065974238118134D+01 -0.1133082803697506D+01
 -0.1189483618538492D+01 -0.1236684804602630D+01 -0.1276221658909149D+01 -0.1309629478477275D+01 -0.1338443547804706D+01
 -0.1364199170700185D+01 -0.1388431699193629D+01 -0.1412676430304264D+01 -0.1438433576273574D+01 -0.1466328323264702D+01
 -0.1496071075447100D+01 -0.1527329201951728D+01 -0.1559770061755740D+01 -0.1593061001677873D+01 -0.1626869383585991D+01
 -0.1660862569347957D+01 -0.1694707920831635D+01 -0.1728092101929917D+01 -0.1760884880398313D+01 -0.1793057133334336D+01
 -0.1824580805808211D+01 -0.1855427838217597D+01 -0.1885570170960148D+01 -0.1914979744433522D+01 -0.1943628499035376D+01
 -0.1971488366803658D+01 -0.1998539613091565D+01 -0.2024799374154953D+01 -0.2050294989203784D+01 -0.2075053797820887D+01
 -0.2099103139589093D+01 -0.2122470354091230D+01 -0.2145182773204696D+01 -0.2167267742611632D+01 -0.2188752565744419D+01
 -0.2209657091518813D+01 -0.2229984885231796D+01 -0.2249737360637469D+01 -0.2268915931489931D+01 -0.2287522003361643D+01
 -0.2305556997233897D+01 -0.2323022327860620D+01 -0.2339919408995911D+01 -0.2356248507508895D+01 -0.2371975927324855D+01
 -0.2387029162991094D+01 -0.2401333574776916D+01 -0.2414814546393333D+01 -0.2427397450915759D+01 -0.2439007661419605D+01
 -0.2449570550980286D+01 -0.2459011492673215D+01 -0.2467268055417185D+01 -0.2474408056945661D+01 -0.2480578204360379D+01
 -0.2485926287951293D+01 -0.2490600098008357D+01 -0.2494747424821526D+01 -0.2498516058680754D+01 -0.2502053789510579D+01
 -0.2505508410015123D+01 -0.2508999580368206D+01 -0.2512508851201535D+01 -0.2515975456821897D+01 -0.2519338620432988D+01
 -0.2522537565238504D+01 -0.2525511512601943D+01 -0.2528199683448539D+01 -0.2530541303149886D+01 -0.2532475665995930D+01
 -0.2533963762302582D+01 -0.2535018761291935D+01 -0.2535661518236416D+01 -0.2535912885263663D+01 -0.2535793718491255D+01
 -0.2535324876160651D+01 -0.2534527213544278D+01 -0.2533421585914565D+01 -0.2532028541465890D+01 -0.2530357678550832D+01
 -0.2528404912509588D+01 -0.2526165301324252D+01 -0.2523633903237407D+01 -0.2520805774930015D+01 -0.2517675973083040D+01
 -0.2514239554377442D+01 -0.2510491575494184D+01 -0.2506427332227062D+01 -0.2502045062359545D+01 -0.2497344948494543D+01
 -0.2492327207031312D+01 -0.2486992054369107D+01 -0.2481339706907185D+01 -0.2475370381044800D+01 -0.2469084288551139D+01
 -0.2462481650004359D+01 -0.2455691637285298D+01 -0.2448900139585362D+01 -0.2442108641885397D+01 -0.2435317144185547D+01
 -0.2428525646485696D+01 -0.2421734148785617D+01 -0.2414942651085767D+01 -0.2408151153385916D+01 -0.2401359655686065D+01
 -0.2394568157985759D+01 -0.2387776660286363D+01 -0.2380985162586512D+01 -0.2374193664886207D+01 -0.2367402167186356D+01
 -0.2360610669486505D+01 -0.2353819171786199D+01 -0.2347027674086803D+01 -0.2340236176386497D+01 -0.2333444678686647D+01
 -0.2326653180987705D+01 -0.2319861683286945D+01 -0.2313070185587094D+01 -0.2306278687887243D+01 -0.2299487190187392D+01
 -0.2292695692486632D+01 -0.2285904194787690D+01 -0.2279112697087839D+01 -0.2272321199387079D+01 -0.2265529701688138D+01
 -0.2258738203987377D+01 -0.2251946706287526D+01 -0.2245155208587676D+01 -0.2238363710887825D+01 -0.2231572213187974D+01
 -0.2224780715488123D+01 -0.2217989217788272D+01 -0.2211197720087512D+01 -0.2204406222388570D+01 -0.2197614724687810D+01
 -0.2190823226988869D+01 -0.2184031729288108D+01 -0.2177240231589167D+01 -0.2170448733888406D+01 -0.2163657236189465D+01
 -0.2156865738490524D+01 -0.2150074240789763D+01 -0.2143282743089003D+01 -0.2136491245390062D+01 -0.2129699747689301D+01
 -0.2122908249988541D+01 -0.2116116752289599D+01 -0.2109325254590658D+01 -0.2102533756889898D+01 -0.2095742259190956D+01
 -0.2088950761490196D+01 -0.2082159263789435D+01 -0.2075367766090494D+01 -0.2068576268389734D+01 -0.2061784770688973D+01
 -0.2054993272990032D+01 -0.2048201775289272D+01 -0.2041410277590330D+01 -0.2034618779891389D+01 -0.2027827282190628D+01
 -0.2021035784489868D+01 -0.2014244286790927D+01 -0.2007452789090166D+01 -0.2000661291389406D+01 -0.1993869793692284D+01
 -0.1987078295991523D+01 -0.1980286798290763D+01 -0.1973495300590002D+01 -0.1966703802889242D+01 -0.1959912305192120D+01
 -0.1953120807491359D+01 -0.1946329309790599D+01 -0.1939537812089839D+01 -0.1932746314392716D+01 -0.1925954816691956D+01
 -0.1919163318991195D+01 -0.1912371821294073D+01 -0.1905580323593313D+01 -0.1898788825892552D+01 -0.1891997328191792D+01
 -0.1885205830494669D+01 -0.1878414332793909D+01 -0.1871622835093149D+01 -0.1864831337392388D+01 -0.1858039839695266D+01
 -0.1851248341990868D+01 -0.1844456844293745D+01 -0.1837665346592985D+01 -0.1830873848892224D+01 -0.1824082351191464D+01
 -0.1817290853494342D+01 -0.1810499355793581D+01 -0.1803707858092821D+01 -0.1796916360395699D+01 -0.1790124862694938D+01
 -0.1783333364990540D+01 -0.1776541867293417D+01 -0.1769750369596295D+01 -0.1762958871895535D+01 -0.1756167374191136D+01
 -0.1749375876494014D+01 -0.1742584378793254D+01 -0.1735792881096131D+01 -0.1729001383391733D+01 -0.1722209885694610D+01
 -0.1715418387993850D+01 -0.1708626890293090D+01 -0.1701835392592329D+01 -0.1695043894895207D+01 -0.1688252397194447D+01
 -0.1681460899493686D+01 -0.1674669401796564D+01 -0.1667877904092165D+01 -0.1661086406391405D+01 -0.1654294908697921D+01
 -0.1647503410997160D+01 -0.1640711913292762D+01 -0.1633920415595639D+01 -0.1627128917894879D+01 -0.1620337420194119D+01
 -0.1613545922493358D+01 -0.1606754424796236D+01 -0.1599962927095476D+01 -0.1593171429394715D+01 -0.1586379931697593D+01
 -0.1579588433993194D+01 -0.1572796936296072D+01 -0.1566005438595312D+01 -0.1559213940894551D+01 -0.1552422443193791D+01
 -0.1545630945493031D+01 -0.1538839447795908D+01 -0.1532047950095148D+01 -0.1525256452394387D+01 -0.1518464954697265D+01
 -0.1511673456996505D+01 -0.1504881959292106D+01 -0.1498090461594984D+01 -0.1491298963897862D+01 -0.1484507466200739D+01
 -0.1477715968496341D+01 -0.1470924470799218D+01 -0.1464132973094820D+01 -0.1457341475397698D+01 -0.1450549977700575D+01
 -0.1443758479996177D+01 -0.1436966982299055D+01 -0.1430175484594656D+01 -0.1423383986897534D+01 -0.1416592489200411D+01
 -0.1409800991496013D+01 -0.1403009493798891D+01 -0.1396217996101768D+01 -0.1389426498397370D+01 -0.1382635000700247D+01
 -0.1375843502995849D+01 -0.1369052005298727D+01 -0.1362260507601604D+01 -0.1355469009897206D+01 -0.1348677512200084D+01
 -0.1341886014502961D+01 -0.1335094516798563D+01 -0.1328303019101440D+01 -0.1321511521397042D+01 -0.1314720023699920D+01
 -0.1307928526002797D+01 -0.1301137028298399D+01 -0.1294345530601277D+01 -0.1287554032904154D+01 -0.1280762535199756D+01
 -0.1273971037502633D+01 -0.1267179539798235D+01 -0.1260388042101113D+01 -0.1253596544403990D+01 -0.1246805046699592D+01
 -0.1240013549002470D+01 -0.1233222051298071D+01 -0.1226430553600949D+01 -0.1219639055903826D+01 -0.1212847558206704D+01
 -0.1206056060502306D+01 -0.1199264562805183D+01 -0.1192473065100785D+01 -0.1185681567403662D+01 -0.1178890069699264D+01
 -0.1172098572002142D+01 -0.1165307074305019D+01 -0.1158515576600621D+01 -0.1151724078903499D+01 -0.1144932581206376D+01
 -0.1138141083501978D+01 -0.1131349585804855D+01 -0.1124558088107733D+01 -0.1117766590403335D+01 -0.1110975092698936D+01
 -0.1104183595001814D+01 -0.1097392097304692D+01 -0.1090600599607569D+01 -0.1083809101903171D+01 -0.1077017604206048D+01
 -0.1070226106501650D+01 -0.1063434608804528D+01 -0.1056643111107405D+01 -0.1049851613403007D+01 -0.1043060115705885D+01
 -0.1036268618001486D+01 -0.1029477120304364D+01 -0.1022685622607241D+01 -0.1015894124902843D+01 -0.1009102627205721D+01
 -0.1002311129508598D+01 -0.9955196317969239D+00 -0.9887281340998015D+00 -0.9819366364099551D+00 -0.9751451387055567D+00
 -0.9683536410011584D+00 -0.9615621433040360D+00 -0.9547706455996376D+00 -0.9479791479025153D+00 -0.9411876501981169D+00
 -0.9343961525082705D+00 -0.9276046548038721D+00 -0.9208131570994738D+00 -0.9140216594023514D+00 -0.9072301616979530D+00
 -0.9004386640081066D+00 -0.8936471663109842D+00 -0.8868556685993099D+00 -0.8800641709021875D+00 -0.8732726731977891D+00
 -0.8664811755006667D+00 -0.8596896778035443D+00 -0.8528981800991460D+00 -0.8461066824020236D+00 -0.8393151847049012D+00
 -0.8325236870077788D+00 -0.8257321893033804D+00 -0.8189406916062580D+00 -0.8121491939091356D+00 -0.8053576962047373D+00
 -0.7985661985076149D+00 -0.7917747008032165D+00 -0.7849832031060942D+00 -0.7781917054016958D+00 -0.7714002077045734D+00
 -0.7646087100001751D+00 -0.7578172123030527D+00 -0.7510257146059303D+00 -0.7442342169088079D+00 -0.7374427192044095D+00
 -0.7306512215072871D+00 -0.7238597238101647D+00 -0.7170682261057664D+00 -0.7102767284013680D+00 -0.7034852307042456D+00
 -0.6966937330071232D+00 -0.6899022353027249D+00 -0.6831107376056025D+00 -0.6763192399012041D+00 -0.6695277422040817D+00
 -0.6627362445069593D+00 -0.6559447468098369D+00 -0.6491532491054386D+00 -0.6423617514083162D+00 -0.6355702537039178D+00
 -0.6287787560067954D+00 -0.6219872583023971D+00 -0.6151957606052747D+00 -0.6084042629081523D+00 -0.6016127652110299D+00
 -0.5948212675066316D+00 -0.5880297698095092D+00 -0.5812382721051108D+00 -0.5744467744079884D+00 -0.5676552767108660D+00
 -0.5608637790137436D+00 -0.5540722813020693D+00 -0.5472807836049469D+00 -0.5404892859078245D+00 -0.5336977882107021D+00
 -0.5269062904990278D+00 -0.5201147928019054D+00 -0.5133232951047830D+00 -0.5065317974076606D+00 -0.4997402997105382D+00
 -0.4929488020134158D+00 -0.4861573043162934D+00 -0.4793658066046191D+00 -0.4725743089074967D+00 -0.4657828112103743D+00
 -0.4589913135132520D+00 -0.4521998158161296D+00 -0.4454083181044552D+00 -0.4386168204073329D+00 -0.4318253227102105D+00
 -0.4250338250130881D+00 -0.4182423273159657D+00 -0.4114508296042914D+00 -0.4046593319071690D+00 -0.3978678342100466D+00
 -0.3910763365129242D+00 -0.3842848388158018D+00 -0.3774933411041275D+00 -0.3707018434070051D+00 -0.3639103457098827D+00
 -0.3571188480127603D+00 -0.3503273503156379D+00 -0.3435358526185155D+00 -0.3367443549068412D+00 -0.3299528572097188D+00
 -0.3231613595125964D+00 -0.3163698618154740D+00 -0.3095783641183516D+00 -0.3027868664066773D+00 -0.2959953687095549D+00
 -0.2892038710124325D+00 -0.2824123733153101D+00 -0.2756208756181877D+00 -0.2688293779065134D+00 -0.2620378802093910D+00
 -0.2552463825122686D+00 -0.2484548848151462D+00 -0.2416633871180238D+00 -0.2348718894209014D+00 -0.2280803917092271D+00
 -0.2212888940121047D+00 -0.2144973963149823D+00 -0.2077058986178599D+00 -0.2009144009207375D+00 -0.1941229032236151D+00
 -0.1873314055119408D+00 -0.1805399078148184D+00 -0.1737484101176960D+00 -0.1669569124205736D+00 -0.1601654147088993D+00
 -0.1533739170117769D+00 -0.1465824193146545D+00 -0.1397909216175321D+00 -0.1329994239204098D+00 -0.1262079262087354D+00
 -0.1194164285116130D+00 -0.1126249308144907D+00 -0.1058334331173683D+00 -0.9904193542024586D-01 -0.9225043772312347D-01
 -0.8545894002600107D-01 -0.7866744231432676D-01 -0.7187594461720437D-01 -0.6508444692008197D-01 -0.5829294922295958D-01
 -0.5150145152583718D-01 -0.4470995381416287D-01 -0.3791845611704048D-01 -0.3112695841991808D-01 -0.2433546072279569D-01
 -0.1754396301112138D-01 -0.1075246531399898D-01 -0.3960967616876587D-02  0.2830530080245808D-02  0.9622027777368203D-02
  0.1641352548904251D-01  0.2320502318616491D-01  0.2999652088328730D-01  0.3678801858040970D-01  0.4357951627753209D-01
  0.5037101397465449D-01  0.5716251168632880D-01  0.6395400938345119D-01  0.7074550708057359D-01  0.7753700477769598D-01
  0.8432850247481838D-01  0.9112000017194077D-01  0.9791149788361508D-01  0.1047029955807375D+00  0.1114944932778599D+00
  0.1182859909749823D+00  0.1250774886866566D+00  0.1318689863837790D+00  0.1386604840809014D+00  0.1454519817780238D+00
  0.1522434794751462D+00  0.1590349771722686D+00  0.1658264748839429D+00  0.1726179725810653D+00  0.1794094702781877D+00
  0.1862009679753100D+00  0.1929924656724324D+00  0.1997839633841068D+00  0.2065754610957811D+00  0.2133669587783515D+00
 -0.7378368262448021D-01 -0.7284876936159890D-01 -0.7191385609871759D-01 -0.7097894283583628D-01 -0.7004402957295497D-01
 -0.6910911631018735D-01 -0.6817420304719235D-01 -0.6723928978431104D-01 -0.6630437652154342D-01 -0.6536946325854842D-01
 -0.6443454999578080D-01 -0.6349963673278580D-01 -0.6256472347001818D-01 -0.6162981020713687D-01 -0.6069489694425556D-01
 -0.5975998368137425D-01 -0.5882507041849294D-01 -0.5789015715561163D-01 -0.5695524389273032D-01 -0.5602033062973533D-01
 -0.5508541736696770D-01 -0.5415050410408639D-01 -0.5321559084120508D-01 -0.5228067757832378D-01 -0.5134576431544247D-01
 -0.5041085105256116D-01 -0.4947593778967985D-01 -0.4854102452679854D-01 -0.4760611126391723D-01 -0.4667119800103592D-01
 -0.4573628473815461D-01 -0.4480137147527330D-01 -0.4386645821239199D-01 -0.4293154494951068D-01 -0.4199663168662937D-01
 -0.4106171842374806D-01 -0.4012680516086675D-01 -0.3919189189798544D-01 -0.3825697863510413D-01 -0.3732206537233651D-01
 -0.3638715210934151D-01 -0.3545223884657389D-01 -0.3451732558357890D-01 -0.3358241232069759D-01 -0.3264749905781628D-01
 -0.3171258579493497D-01 -0.3077767253205366D-01 -0.2984275926917235D-01 -0.2890784600629104D-01 -0.2797293274352342D-01
 -0.2703801948052842D-01 -0.2610310621776080D-01 -0.2516819295476580D-01 -0.2423327969188449D-01 -0.2329836642911687D-01
 -0.2236345316612187D-01 -0.2142853990324056D-01 -0.2049362664047294D-01 -0.1955871337759163D-01 -0.1862380011471032D-01
 -0.1768888685171532D-01 -0.1675397358894770D-01 -0.1581906032606639D-01 -0.1488414706318508D-01 -0.1394923380030377D-01
 -0.1301432053742246D-01 -0.1207940727454115D-01 -0.1114449401154616D-01 -0.1020958074877854D-01 -0.9274667485897226D-02
 -0.8339754222902229D-02 -0.7404840960134607D-02 -0.6469927697253297D-02 -0.5535014434371988D-02 -0.4600101171376991D-02
 -0.3665187908609369D-02 -0.2730274645728059D-02 -0.1795361382846750D-02 -0.8604481199654401D-03  0.7446514291586936D-04
  0.1009378405797179D-02  0.1944291668678488D-02  0.2879204931559798D-02  0.3814118194441107D-02  0.4749031457322417D-02
  0.5683944720203726D-02  0.6618857983085036D-02  0.7553771245852658D-02  0.8488684508847655D-02  0.9423597771728964D-02
  0.1035851103461027D-01  0.1129342429743474D-01  0.1222833756037289D-01  0.1316325082325420D-01  0.1409816408607867D-01
  0.1503307734901682D-01  0.1596799061189813D-01  0.1690290387472260D-01  0.1783781713760391D-01  0.1877273040048522D-01
  0.1970764366336653D-01  0.2064255692624783D-01  0.2157747018912914D-01  0.2251238345201045D-01  0.2344729671489176D-01
  0.2438220997777307D-01  0.2531712324065438D-01  0.2625203650353569D-01  0.2718694976641700D-01  0.2812186302929831D-01
  0.2905677629217962D-01  0.2999168955506093D-01  0.3092660281794224D-01  0.3186151608082355D-01  0.3279642934370486D-01
  0.3373134260658617D-01  0.3466625586941063D-01  0.3560116913234879D-01  0.3653608239523010D-01  0.3747099565811141D-01
  0.3840590892099272D-01  0.3934082218381718D-01  0.4027573544669849D-01  0.4121064870957980D-01  0.4214556197246111D-01
  0.4308047523534242D-01  0.4401538849828057D-01  0.4495030176110504D-01  0.4588521502398635D-01  0.4682012828692450D-01
  0.4775504154974897D-01  0.4868995481263028D-01  0.4962486807551159D-01  0.5055978133839290D-01  0.5149469460127420D-01
  0.5242960786415551D-01  0.5336452112703682D-01  0.5429943438991813D-01  0.5523434765277102D-01  0.5616926091568075D-01
  0.5710417417853364D-01  0.5803908744141495D-01  0.5897400070429626D-01  0.5990891396720599D-01  0.6084382723005888D-01
  0.6177874049294019D-01  0.6271365375582150D-01  0.6364856701870281D-01  0.6458348028158412D-01  0.6551839354446543D-01
  0.6645330680734673D-01  0.6738822007022804D-01  0.6832313333308093D-01  0.6925804659599066D-01  0.7019295985884355D-01
  0.7112787312172486D-01  0.7206278638460617D-01  0.7299769964748748D-01  0.7393261291036879D-01  0.7486752617325010D-01
  0.7580243943611720D-01  0.7673735269901272D-01  0.7767226596189403D-01  0.7860717922476113D-01  0.7954209248764244D-01
  0.8047700575052374D-01  0.8141191901340505D-01  0.8234683227627926D-01  0.8328174553916057D-01  0.8421665880203477D-01
  0.8515157206491608D-01  0.8608648532779739D-01  0.8702139859067515D-01  0.8795631185355646D-01  0.8889122511643421D-01
  0.8982613837931375D-01  0.9076105164219328D-01  0.9169596490507170D-01  0.9261755112678970D-01  0.9348266200783385D-01
  0.9428903921177630D-01  0.9503785303143247D-01  0.9573027603596143D-01  0.9636747588116157D-01  0.9695062766165552D-01
  0.9748089661933158D-01  0.9795945907237952D-01  0.9838748130825273D-01  0.9876613739092283D-01  0.9909659601023547D-01
  0.9938002880945961D-01  0.9961760678759012D-01  0.9981049939030021D-01  0.9995987970262703D-01  0.1000669151957550D+00
  0.1001327804941168D+00  0.1001586422881343D+00  0.1001456749940603D+00  0.1000950467297486D+00  0.1000079299301706D+00
  0.9988550667517224D-01  0.9972922472029283D-01  0.9954079070253503D-01  0.9932191954195810D-01  0.9907432987795013D-01
  0.9879973547805945D-01  0.9849985553149952D-01  0.9817640429781382D-01  0.9783109989547545D-01  0.9746565777043809D-01
  0.9708179487870508D-01  0.9668122766514906D-01  0.9626567225040528D-01  0.9583684575116366D-01  0.9539646377979290D-01
  0.9494624375405299D-01  0.9448790123608483D-01  0.9402315343725318D-01  0.9355371638849791D-01  0.9308130678295844D-01
  0.9260764100624908D-01  0.9213443556038552D-01  0.9166338828575667D-01  0.9119516669083128D-01  0.9072888683302478D-01
  0.9026353678571528D-01  0.8979810445831973D-01  0.8933157776052453D-01  0.8886294475533657D-01  0.8839119328061386D-01
  0.8791531138209559D-01  0.8743428701133799D-01  0.8694710800395153D-01  0.8645276261805172D-01  0.8595023828625922D-01
  0.8543852373897079D-01  0.8491660589437340D-01  0.8438347379727057D-01  0.8383811449364889D-01  0.8327951663119376D-01
  0.8270666774944044D-01  0.8211855590609515D-01  0.8151416932710281D-01  0.8089249528732954D-01  0.8025252512991257D-01
  0.7959388388787975D-01  0.7891770937778372D-01  0.7822535496026969D-01  0.7751817690026808D-01  0.7679752931889580D-01
  0.7606476764951316D-01  0.7532124671570162D-01  0.7456832137746262D-01  0.7380734690263079D-01  0.7303967783606002D-01
  0.7226666963162676D-01  0.7148967677724899D-01  0.7071005462441604D-01  0.6992915795297303D-01  0.6914834179204891D-01
  0.6836896111517572D-01  0.6759237088668514D-01  0.6681992601580064D-01  0.6605298166026817D-01  0.6529289240679136D-01
  0.6454101386474174D-01  0.6379870015399576D-01  0.6306697914526174D-01  0.6234561214037090D-01  0.6163405722890104D-01
  0.6093177145878610D-01  0.6023821242208044D-01  0.5955283761254410D-01  0.5887510422810240D-01  0.5820447010494761D-01
  0.5754039215026973D-01  0.5688232843929912D-01  0.5622973579554139D-01  0.5558207211890130D-01  0.5493879452851604D-01
  0.5429936064705671D-01  0.5366322783584665D-01  0.5302985352706793D-01  0.5239869522083591D-01  0.5176921026223767D-01
  0.5114085618678640D-01  0.5051309035622167D-01  0.4988537023700067D-01  0.4925715327840501D-01  0.4862800153032394D-01
  0.4799814503813066D-01  0.4736807641555930D-01  0.4673828893287147D-01  0.4610927582930233D-01  0.4548153042602125D-01
  0.4485554586435606D-01  0.4423181561038298D-01  0.4361083267290360D-01  0.4299309057875984D-01  0.4237908234772536D-01
  0.4176930142395476D-01  0.4116424096926659D-01  0.4056439423877092D-01  0.3997025463033023D-01  0.3938231511601124D-01
  0.3880106942371941D-01  0.3822701018735244D-01  0.3766063144223718D-01  0.3710242567915596D-01  0.3655288677868652D-01
  0.3601250755879240D-01  0.3548170030692384D-01  0.3495997826453480D-01  0.3444629540082968D-01  0.3393959771824850D-01
  0.3343883048119143D-01  0.3294293985534191D-01  0.3245087108549068D-01  0.3196157017012098D-01  0.3147398260437468D-01
  0.3098705415689166D-01  0.3049973049217413D-01  0.3001095730995984D-01  0.2951968024319496D-01  0.2902484512363148D-01
  0.2852539735174308D-01  0.2802028307643564D-01  0.2750844731212444D-01  0.2698883647906675D-01  0.2646039561864496D-01
  0.2592207092476086D-01  0.2537280776561064D-01  0.2481155190782392D-01  0.2423731043548861D-01  0.2365040666715356D-01
  0.2305243396434814D-01  0.2244503569098302D-01  0.2182985691169117D-01  0.2120854118187880D-01  0.2058273319274004D-01
  0.1995407692215389D-01  0.1932421669265819D-01  0.1869479669412131D-01  0.1806746119375853D-01  0.1744385428009415D-01
  0.1682562047835413D-01  0.1621440346238536D-01  0.1561184832875798D-01  0.1501959830341754D-01  0.1443929852728313D-01
  0.1387259246523860D-01  0.1332112485624272D-01  0.1278653972698380D-01  0.1227048109794955D-01  0.1177459387096625D-01
  0.1130050490447494D-01  0.1084897288151390D-01  0.1041945489712960D-01  0.1001130655182249D-01  0.9623879449898598D-02
  0.9256528384662920D-02  0.8908606014791197D-02  0.8579466140822032D-02  0.8268462352594102D-02  0.7974947581086590D-02
  0.7698276224094164D-02  0.7437800466243412D-02  0.7192875390078186D-02  0.6962852852481201D-02  0.6747087611332973D-02
  0.6544932191491898D-02  0.6355740648645281D-02  0.6178866196151848D-02  0.6013662262801916D-02  0.5859482627247822D-02
  0.5715680214589695D-02  0.5581609245566622D-02  0.5456622555796618D-02  0.5340136033809477D-02  0.5231707675658020D-02
  0.5130917407956093D-02  0.5037344254055455D-02  0.4950567748276914D-02  0.4870167266186469D-02  0.4795722029969494D-02
  0.4726811687248654D-02  0.4663015228231417D-02  0.4603912492439589D-02  0.4549082387619115D-02  0.4498104656956837D-02
  0.4450558401093352D-02  0.4406023155997979D-02  0.4364078216650890D-02  0.4324302964760578D-02  0.4286276809489287D-02
  0.4249579058442216D-02  0.4213789154806125D-02  0.4178486412555912D-02  0.4143250227798975D-02  0.4107659979647873D-02
  0.4071382887901407D-02  0.4034420990829562D-02  0.3996855997692447D-02  0.3958769640459867D-02  0.3920243655772387D-02
  0.3881359756006697D-02  0.3842199689609126D-02  0.3802845164937949D-02  0.3763377926197835D-02  0.3723879694721509D-02
  0.3684432199611452D-02  0.3645117172825283D-02  0.3606016338972904D-02  0.3567211426717164D-02  0.3528784171750079D-02
  0.3490816283865056D-02  0.3453389525410882D-02  0.3416585573170444D-02  0.3380486227423206D-02  0.3345173140231224D-02
  0.3310728105254950D-02  0.3277232800739046D-02  0.3244754873338206D-02  0.3213272960230689D-02  0.3182731106005583D-02
  0.3153073324937327D-02  0.3124243544959973D-02  0.3096185814118167D-02  0.3068844040214599D-02  0.3042162269485316D-02
  0.3016084428507977D-02  0.2990554532750894D-02  0.2965516542886963D-02  0.2940914445627015D-02  0.2916692225063678D-02
  0.2892793849825797D-02  0.2869163316750237D-02  0.2845744587059344D-02  0.2822481659658756D-02  0.2799318500049551D-02
  0.2776199095501343D-02  0.2753067424266884D-02  0.2729867465990113D-02  0.2706543201317585D-02  0.2683029080140655D-02
  0.2659155517594175D-02  0.2634688941498427D-02  0.2609394748847194D-02  0.2583038488017729D-02  0.2555385500356833D-02
  0.2526201365564443D-02  0.2495251439075981D-02  0.2462301252623159D-02  0.2427116231957504D-02  0.2389461816146767D-02
  0.2349103545954294D-02  0.2305806723088150D-02  0.2259337048019219D-02  0.2209459640400179D-02  0.2155940325981644D-02
  0.2098544235035734D-02  0.2037037092006133D-02  0.1971184173947697D-02  0.1900751024609521D-02  0.1825503124088949D-02
  0.1745205790744709D-02  0.1659649565066205D-02  0.1569148945761106D-02  0.1474519464490838D-02  0.1376595822224146D-02
  0.1276213375639273D-02  0.1174207037474946D-02  0.1071411949529740D-02  0.9686631598538867D-03  0.8667957545026564D-03
  0.7666447577013706D-03  0.6690453588984163D-03  0.5748323993577726D-03  0.4848413310573975D-03  0.3999067574335865D-03
  0.3208642393200282D-03  0.2485484013507991D-03  0.1837946520266872D-03  0.1274378736663335D-03  0.8031313751779463D-04
  0.4325574272060424D-04  0.1710026413373058D-04  0.2682576854010132D-05  0.0000000000000000D+00  0.0000000000000000D+00
  0.0000000000000000D+00  0.0000000000000000D+00  0.0000000000000000D+00  0.0000000000000000D+00  0.0000000000000000D+00
  0.0000000000000000D+00  0.0000000000000000D+00  0.0000000000000000D+00  0.0000000000000000D+00  0.0000000000000000D+00
   29     63.546         3.6150         FCC
  0.0000000000000000D+00 -0.2667774497799912D+00 -0.4277467798801686D+00 -0.5549125179573229D+00 -0.6629613369405617D+00
 -0.7578197726351439D+00 -0.8428619086676744D+00 -0.9202011668650689D+00 -0.9912689537300107D+00 -0.1057090276615508D+01
 -0.1118493797513245D+01 -0.1174635089420576D+01 -0.1226521373148175D+01 -0.1275299294279738D+01 -0.1321374480031415D+01
 -0.1364983031415259D+01 -0.1406342134087424D+01 -0.1445638067639693D+01 -0.1483032182788879D+01 -0.1518665478386966D+01
 -0.1552662026676928D+01 -0.1585131786879033D+01 -0.1616172812330622D+01 -0.1645873029088525D+01 -0.1674311683924621D+01
 -0.1701560532319334D+01 -0.1727684796685860D+01 -0.1752744088427437D+01 -0.1776792994554639D+01 -0.1799881701990168D+01
 -0.1822056497491795D+01 -0.1843360196042914D+01 -0.1863832509875370D+01 -0.1883510367979148D+01 -0.1902428176233613D+01
 -0.1920618108755065D+01 -0.1938110283551805D+01 -0.1954932949792942D+01 -0.1971112660288019D+01 -0.1986674418414966D+01
 -0.2001641808879921D+01 -0.2016037114421459D+01 -0.2029881412840388D+01 -0.2043260301136957D+01 -0.2055666769197444D+01
 -0.2066506610578409D+01 -0.2076686982133532D+01 -0.2086415881500386D+01 -0.2095688281027436D+01 -0.2104518784985491D+01
 -0.2112921356711745D+01 -0.2120909351890102D+01 -0.2128495588697767D+01 -0.2135692346235134D+01 -0.2142511409134916D+01
 -0.2148964096857225D+01 -0.2155061290723452D+01 -0.2160813458903047D+01 -0.2166230679551059D+01 -0.2171322653954451D+01
 -0.2176098749449906D+01 -0.2180567998965647D+01 -0.2184739120067477D+01 -0.2188620533325608D+01 -0.2192220377261096D+01
 -0.2195546522365470D+01 -0.2198606584236782D+01 -0.2201407931479070D+01 -0.2203957704729306D+01 -0.2206262829045522D+01
 -0.2208330014297406D+01 -0.2210165769219441D+01 -0.2211776410310621D+01 -0.2213168070210754D+01 -0.2214346705593670D+01
 -0.2215318103603950D+01 -0.2216087886407277D+01 -0.2216661531637871D+01 -0.2217044362479258D+01 -0.2217241559457368D+01
 -0.2217258166059581D+01 -0.2217099094054868D+01 -0.2216769128565262D+01 -0.2216272932772503D+01 -0.2215615048203047D+01
 -0.2214799911483035D+01 -0.2213831847443053D+01 -0.2212715075012796D+01 -0.2211453711835305D+01 -0.2210051777805255D+01
 -0.2208513198443592D+01 -0.2206841808116215D+01 -0.2205041350947934D+01 -0.2203115488383824D+01 -0.2201067801262153D+01
 -0.2198901788666596D+01 -0.2196620872559230D+01 -0.2194229178843354D+01 -0.2191741597145035D+01 -0.2188972901321032D+01
 -0.2185927403119092D+01 -0.2182799692920493D+01 -0.2179573388038259D+01 -0.2176251394915107D+01 -0.2172836560043888D+01
 -0.2169331671698687D+01 -0.2165739461596912D+01 -0.2162062606497094D+01 -0.2158303729735382D+01 -0.2154465400443439D+01
 -0.2150550141608707D+01 -0.2146560425253961D+01 -0.2142498675260272D+01 -0.2138367268947598D+01 -0.2134168538297839D+01
 -0.2129904771136681D+01 -0.2125578212272820D+01 -0.2121191063494464D+01 -0.2116745487203387D+01 -0.2112243606467053D+01
 -0.2107687504633992D+01 -0.2103079227163348D+01 -0.2098420782547660D+01 -0.2093714143204358D+01 -0.2088961246340520D+01
 -0.2084163994433007D+01 -0.2079324256111972D+01 -0.2074443868955127D+01 -0.2069524637401106D+01 -0.2064568334592122D+01
 -0.2059576703081065D+01 -0.2054551455542306D+01 -0.2049494275426241D+01 -0.2044406817505438D+01 -0.2039290707808457D+01
 -0.2034147546728926D+01 -0.2028978907078018D+01 -0.2023786335407776D+01 -0.2018571352633713D+01 -0.2013335454571193D+01
 -0.2008080112460720D+01 -0.2002806773474970D+01 -0.1997516860901255D+01 -0.1992211775435369D+01 -0.1986892895164130D+01
 -0.1981561575786218D+01 -0.1976219151269190D+01 -0.1970866934274013D+01 -0.1965506216573452D+01 -0.1960138269458829D+01
 -0.1954764344085649D+01 -0.1949385671942433D+01 -0.1944003465336375D+01 -0.1938618917470490D+01 -0.1933233202937756D+01
 -0.1927847478065049D+01 -0.1922462881251891D+01 -0.1917080533297031D+01 -0.1911701537718127D+01 -0.1906326981243053D+01
 -0.1900957933648112D+01 -0.1895595448442532D+01 -0.1890240563057863D+01 -0.1884894299127178D+01 -0.1879557662762822D+01
 -0.1874231644818240D+01 -0.1868917221150199D+01 -0.1863612373425781D+01 -0.1858308199290747D+01 -0.1853004025155769D+01
 -0.1847699851020707D+01 -0.1842395676885758D+01 -0.1837091502750695D+01 -0.1831787328615633D+01 -0.1826483154480570D+01
 -0.1821178980345621D+01 -0.1815874806210786D+01 -0.1810570632075724D+01 -0.1805266457940661D+01 -0.1799962283805598D+01
 -0.1794658109670536D+01 -0.1789353935535473D+01 -0.1784049761400638D+01 -0.1778745587265576D+01 -0.1773441413130513D+01
 -0.1768137238995223D+01 -0.1762833064860388D+01 -0.1757528890725098D+01 -0.1752224716590263D+01 -0.1746920542455427D+01
 -0.1741616368320138D+01 -0.1736312194184848D+01 -0.1731008020050467D+01 -0.1725703845915177D+01 -0.1720399671779887D+01
 -0.1715095497645052D+01 -0.1709791323510217D+01 -0.1704487149374927D+01 -0.1699182975240092D+01 -0.1693878801105257D+01
 -0.1688574626969967D+01 -0.1683270452834677D+01 -0.1677966278699841D+01 -0.1672662104564552D+01 -0.1667357930429716D+01
 -0.1662053756294881D+01 -0.1656749582159136D+01 -0.1651445408024301D+01 -0.1646141233890376D+01 -0.1640837059754631D+01
 -0.1635532885619796D+01 -0.1630228711484961D+01 -0.1624924537349216D+01 -0.1619620363214381D+01 -0.1614316189080455D+01
 -0.1609012014944710D+01 -0.1603707840809875D+01 -0.1598403666675040D+01 -0.1593099492539295D+01 -0.1587795318404460D+01
 -0.1582491144269625D+01 -0.1577186970134790D+01 -0.1571882795999045D+01 -0.1566578621865119D+01 -0.1561274447730284D+01
 -0.1555970273594539D+01 -0.1550666099459704D+01 -0.1545361925323959D+01 -0.1540057751189124D+01 -0.1534753577054289D+01
 -0.1529449402919454D+01 -0.1524145228784619D+01 -0.1518841054649783D+01 -0.1513536880514039D+01 -0.1508232706379204D+01
 -0.1502928532244368D+01 -0.1497624358109533D+01 -0.1492320183973789D+01 -0.1487016009839863D+01 -0.1481711835704118D+01
 -0.1476407661568373D+01 -0.1471103487434448D+01 -0.1465799313300522D+01 -0.1460495139164777D+01 -0.1455190965029033D+01
 -0.1449886790893288D+01 -0.1444582616759362D+01 -0.1439278442623618D+01 -0.1433974268489692D+01 -0.1428670094353947D+01
 -0.1423365920218203D+01 -0.1418061746082458D+01 -0.1412757571948532D+01 -0.1407453397814606D+01 -0.1402149223678862D+01
 -0.1396845049544936D+01 -0.1391540875407372D+01 -0.1386236701273447D+01 -0.1380932527137702D+01 -0.1375628353003776D+01
 -0.1370324178869851D+01 -0.1365020004734106D+01 -0.1359715830598361D+01 -0.1354411656462617D+01 -0.1349107482328691D+01
 -0.1343803308192946D+01 -0.1338499134059020D+01 -0.1333194959925095D+01 -0.1327890785787531D+01 -0.1322586611653605D+01
 -0.1317282437517861D+01 -0.1311978263383935D+01 -0.1306674089248190D+01 -0.1301369915114265D+01 -0.1296065740978520D+01
 -0.1290761566842775D+01 -0.1285457392708850D+01 -0.1280153218573105D+01 -0.1274849044439179D+01 -0.1269544870303434D+01
 -0.1264240696167690D+01 -0.1258936522031945D+01 -0.1253632347898019D+01 -0.1248328173764094D+01 -0.1243023999628349D+01
 -0.1237719825494423D+01 -0.1232415651356860D+01 -0.1227111477222934D+01 -0.1221807303087189D+01 -0.1216503128953264D+01
 -0.1211198954819338D+01 -0.1205894780683593D+01 -0.1200590606547848D+01 -0.1195286432412104D+01 -0.1189982258278178D+01
 -0.1184678084142433D+01 -0.1179373910008508D+01 -0.1174069735872763D+01 -0.1168765561738837D+01 -0.1163461387603093D+01
 -0.1158157213467348D+01 -0.1152853039333422D+01 -0.1147548865197678D+01 -0.1142244691063752D+01 -0.1136940516926188D+01
 -0.1131636342792262D+01 -0.1126332168656518D+01 -0.1121027994522592D+01 -0.1115723820388666D+01 -0.1110419646252922D+01
 -0.1105115472118996D+01 -0.1099811297981432D+01 -0.1094507123847507D+01 -0.1089202949711762D+01 -0.1083898775577836D+01
 -0.1078594601440273D+01 -0.1073290427309985D+01 -0.1067986253172421D+01 -0.1062682079034857D+01 -0.1057377904900932D+01
 -0.1052073730767006D+01 -0.1046769556633080D+01 -0.1041465382495517D+01 -0.1036161208361591D+01 -0.1030857034227665D+01
 -0.1025552860090102D+01 -0.1020248685956176D+01 -0.1014944511822250D+01 -0.1009640337688325D+01 -0.1004336163550761D+01
 -0.9990319894168351D+00 -0.9937278152829094D+00 -0.9884236411453458D+00 -0.9831194670114201D+00 -0.9778152928774944D+00
 -0.9725111187435687D+00 -0.9672069446060050D+00 -0.9619027704684413D+00 -0.9565985963381536D+00 -0.9512944222005899D+00
 -0.9459902480666642D+00 -0.9406860739327385D+00 -0.9353818997988128D+00 -0.9300777256612491D+00 -0.9247735515236855D+00
 -0.9194693773933977D+00 -0.9141652032558341D+00 -0.9088610291219084D+00 -0.9035568549879827D+00 -0.8982526808504190D+00
 -0.8929485067164933D+00 -0.8876443325789296D+00 -0.8823401584486419D+00 -0.8770359843110782D+00 -0.8717318101771525D+00
 -0.8664276360395888D+00 -0.8611234619056631D+00 -0.8558192877717374D+00 -0.8505151136341738D+00 -0.8452109395038860D+00
 -0.8399067653663224D+00 -0.8346025912287587D+00 -0.8292984170948330D+00 -0.8239942429609073D+00 -0.8186900688269816D+00
 -0.8133858946894179D+00 -0.8080817205554922D+00 -0.8027775464215665D+00 -0.7974733722840028D+00 -0.7921691981537151D+00
 -0.7868650240161514D+00 -0.7815608498822257D+00 -0.7762566757446621D+00 -0.7709525016107364D+00 -0.7656483274768107D+00
 -0.7603441533392470D+00 -0.7550399792089593D+00 -0.7497358050713956D+00 -0.7444316309338319D+00 -0.7391274567999062D+00
 -0.7338232826659805D+00 -0.7285191085320548D+00 -0.7232149343944911D+00 -0.7179107602605654D+00 -0.7126065861266397D+00
 -0.7073024119890761D+00 -0.7019982378551504D+00 -0.6966940637212247D+00 -0.6913898895872990D+00 -0.6860857154497353D+00
 -0.6807815413158096D+00 -0.6754773671818839D+00 -0.6701731930443202D+00 -0.6648690189103945D+00 -0.6595648447764688D+00
 -0.6542606706425431D+00 -0.6489564965049794D+00 -0.6436523223674158D+00 -0.6383481482371280D+00 -0.6330439740995644D+00
 -0.6277397999656387D+00 -0.6224356258317130D+00 -0.6171314516977873D+00 -0.6118272775602236D+00 -0.6065231034226599D+00
 -0.6012189292923722D+00 -0.5959147551548085D+00 -0.5906105810208828D+00 -0.5853064068869571D+00 -0.5800022327530314D+00
 -0.5746980586154677D+00 -0.5693938844779041D+00 -0.5640897103476163D+00 -0.5587855362100527D+00 -0.5534813620761270D+00
 -0.5481771879385633D+00 -0.5428730138046376D+00 -0.5375688396707119D+00 -0.5322646655331482D+00 -0.5269604914028605D+00
 -0.5216563172652968D+00 -0.5163521431277331D+00 -0.5110479689938074D+00 -0.5057437948598817D+00 -0.5004396207259560D+00
 -0.4951354465883924D+00 -0.4898312724581046D+00 -0.4845270983205410D+00 -0.4792229241829773D+00 -0.4739187500490516D+00
 -0.4686145759151259D+00 -0.4633104017812002D+00 -0.4580062276436365D+00 -0.4527020535097108D+00 -0.4473978793757851D+00
 -0.4420937052382214D+00 -0.4367895311042957D+00 -0.4314853569703700D+00 -0.4261811828364443D+00 -0.4208770086988807D+00
 -0.4155728345649550D+00 -0.4102686604310293D+00 -0.4049644862934656D+00 -0.3996603121595399D+00 -0.3943561380256142D+00
 -0.3890519638880505D+00 -0.3837477897541248D+00 -0.3784436156165611D+00 -0.3731394414862734D+00 -0.3678352673487097D+00
 -0.3625310932147841D+00 -0.3572269190808584D+00 -0.3519227449432947D+00 -0.3466185708093690D+00 -0.3413143966718053D+00
 -0.3360102225415176D+00 -0.3307060484039539D+00 -0.3254018742663902D+00 -0.3200977001361025D+00 -0.3147935259985388D+00
 -0.3094893518646131D+00 -0.3041851777306874D+00 -0.2988810035967617D+00 -0.2935768294555601D+00 -0.2882726553216344D+00
 -0.2829684811877087D+00 -0.2776643070537830D+00 -0.2723601329198573D+00 -0.2670559587859316D+00 -0.2617517846520059D+00
 -0.2564476105108042D+00 -0.2511434363768785D+00 -0.2458392622429528D+00 -0.2405350881090271D+00 -0.2352309139751014D+00
 -0.2299267398411757D+00 -0.2246225657072500D+00 -0.2193183915660484D+00 -0.2140142174321227D+00 -0.2087100432981970D+00
 -0.2034058691569953D+00 -0.1981016950230696D+00 -0.1927975208964199D+00 -0.1874933467624942D+00 -0.1821891726212925D+00
 -0.1768849984873668D+00 -0.1715808243534411D+00 -0.1662766502195154D+00 -0.1609724760855897D+00 -0.1556683019516640D+00
 -0.1503641278177383D+00 -0.1450599536765367D+00 -0.1397557795426110D+00 -0.1344516054086853D+00 -0.1291474312674836D+00
 -0.1238432571335579D+00 -0.1185390830069082D+00 -0.1132349088729825D+00 -0.1079307347317808D+00 -0.1026265605978551D+00
  0.1471238341331173D+01  0.1463937383782650D+01  0.1456636426234127D+01  0.1449335468685604D+01  0.1442034511136626D+01
  0.1434733553588103D+01  0.1427432596039580D+01  0.1420131638491057D+01  0.1412830680942079D+01  0.1405529723393556D+01
  0.1398228765845033D+01  0.1390927808296510D+01  0.1383626850747987D+01  0.1376325893199009D+01  0.1369024935650486D+01
  0.1361723978101963D+01  0.1354423020553440D+01  0.1347122063004917D+01  0.1339821105456394D+01  0.1332520147907417D+01
  0.1325219190358894D+01  0.1317918232810371D+01  0.1310617275261848D+01  0.1303316317713325D+01  0.1296015360164347D+01
  0.1288714402616279D+01  0.1281413445067756D+01  0.1274112487518778D+01  0.1266811529970255D+01  0.1259510572421732D+01
  0.1252209614873209D+01  0.1244908657324686D+01  0.1237607699775708D+01  0.1230306742227185D+01  0.1223005784678662D+01
  0.1215704827130139D+01  0.1208403869581161D+01  0.1201102912032638D+01  0.1193801954484115D+01  0.1186500996935592D+01
  0.1179200039387069D+01  0.1171899081838546D+01  0.1164598124289569D+01  0.1157297166741500D+01  0.1149996209192977D+01
  0.1142695251644454D+01  0.1135394294095477D+01  0.1128093336546954D+01  0.1120792378997976D+01  0.1113491421449453D+01
  0.1106190463900930D+01  0.1098889506352862D+01  0.1091588548803884D+01  0.1084287591255361D+01  0.1076986633706838D+01
  0.1069685676158315D+01  0.1062384718609792D+01  0.1055083761060814D+01  0.1047782803512291D+01  0.1040481845963768D+01
  0.1033180888415245D+01  0.1025879930866267D+01  0.1018578973317744D+01  0.1011278015769221D+01  0.1003977058220698D+01
  0.9966761006721754D+00  0.9893751431236524D+00  0.9820741855751294D+00  0.9747732280266064D+00  0.9674722704776286D+00
  0.9601713129293330D+00  0.9528703553805826D+00  0.9455693978320596D+00  0.9382684402833092D+00  0.9309674827347862D+00
  0.9236665251862632D+00  0.9163655676375129D+00  0.9090646100887625D+00  0.9017636525402395D+00  0.8944626949917165D+00
  0.8871617374431935D+00  0.8798607798946705D+00  0.8725598223461475D+00  0.8652588647973971D+00  0.8579579072488741D+00
  0.8506569497001237D+00  0.8433559921516007D+00  0.8360550346030777D+00  0.8287540770543274D+00  0.8214531195058044D+00
  0.8141521619572814D+00  0.8068512044085310D+00  0.7995502468600080D+00  0.7922492893114850D+00  0.7849483317627346D+00
  0.7776473742142116D+00  0.7703464166654612D+00  0.7630454591169382D+00  0.7557445015684152D+00  0.7484435440196648D+00
  0.7411425864713692D+00  0.7338416289226188D+00  0.7265406713740958D+00  0.7192397138253455D+00  0.7119387562768225D+00
  0.7046377987282995D+00  0.6973368411795491D+00  0.6900358836310261D+00  0.6827349260825031D+00  0.6754339685337527D+00
  0.6681330109852297D+00  0.6608320534367067D+00  0.6535310958879563D+00  0.6462301383394333D+00  0.6389291807907966D+00
  0.6316282232421599D+00  0.6243272656936369D+00  0.6170263081451139D+00  0.6097253505964773D+00  0.6024243930478406D+00
  0.5951234354993176D+00  0.5878224779506809D+00  0.5805215204020442D+00  0.5732205628534075D+00  0.5659196053048845D+00
  0.5586186477562478D+00  0.5513176902076111D+00  0.5440167326590881D+00  0.5367157751104514D+00  0.5294148175618147D+00
  0.5221138600132917D+00  0.5148129024646551D+00  0.5075119449161321D+00  0.5002109873674954D+00  0.4929100298188587D+00
  0.4856090722702788D+00  0.4783081147216990D+00  0.4710071571730623D+00  0.4637061996244825D+00  0.4564052420759026D+00
  0.4491042845273228D+00  0.4418033269786861D+00  0.4345023694301062D+00  0.4272014118815264D+00  0.4199004543328897D+00
  0.4125994967843098D+00  0.4052985392357016D+00  0.3979975816870933D+00  0.3906966241385135D+00  0.3833956665899052D+00
  0.3760947090412969D+00  0.3687937514927171D+00  0.3614927939441230D+00  0.3541918363955290D+00  0.3468908788469207D+00
  0.3395899212983267D+00  0.3322889637497255D+00  0.3249938955006129D+00  0.3178485253456756D+00  0.3109066175253965D+00
  0.3041581046580708D+00  0.2975936590022210D+00  0.2912046312485952D+00  0.2849829992268008D+00  0.2789213054484170D+00
  0.2730126150108186D+00  0.2672504805985655D+00  0.2616289048293708D+00  0.2561422925044671D+00  0.2507854169662399D+00
  0.2455533991372374D+00  0.2404416761116183D+00  0.2354459778828536D+00  0.2305622917995848D+00  0.2257868596670573D+00
  0.2211161461590724D+00  0.2165468271808045D+00  0.2120757629730645D+00  0.2076999920794626D+00  0.2034167158794861D+00
  0.1992232863262000D+00  0.1951171939464277D+00  0.1910960534974140D+00  0.1871575992337033D+00  0.1832996751726688D+00
  0.1795202265218546D+00  0.1758172875975110D+00  0.1721889808745065D+00  0.1686335111535569D+00  0.1651491599342518D+00
  0.1617342715266721D+00  0.1583872580958570D+00  0.1551065919923515D+00  0.1518908038557212D+00  0.1487384728201668D+00
  0.1456482287972050D+00  0.1426187482959251D+00  0.1396487521353787D+00  0.1367370007330383D+00  0.1338822911638586D+00
  0.1310834580588659D+00  0.1283393703060466D+00  0.1256489304899603D+00  0.1230110682303465D+00  0.1204247439544016D+00
  0.1178889455797910D+00  0.1154026891873817D+00  0.1129650118669697D+00  0.1105749760349729D+00  0.1082316671788911D+00
  0.1059341939900608D+00  0.1036816838730244D+00  0.1014732840692163D+00  0.9930816174265028D-01  0.9718550318129103D-01
  0.9510451211270919D-01  0.9306440769088667D-01  0.9106442703724917D-01  0.8910382320727320D-01  0.8718186588726021D-01
  0.8529783664809915D-01  0.8345103311460628D-01  0.8164076686895808D-01  0.7986636429155175D-01  0.7812716282992611D-01
  0.7642251335858094D-01  0.7475177948339901D-01  0.7311433772296261D-01  0.7150957537725663D-01  0.6993689071259707D-01
  0.6839569373086803D-01  0.6688540599845474D-01  0.6540545978498549D-01  0.6395529612383660D-01  0.6253436719490933D-01
  0.6114213507297889D-01  0.5977807274723575D-01  0.5844165999899033D-01  0.5713238735796454D-01  0.5584975432016671D-01
  0.5459327005508927D-01  0.5336245096329473D-01  0.5215682217030643D-01  0.5097591742111513D-01  0.4981927900915702D-01
  0.4868645689053668D-01  0.4757700815663193D-01  0.4649049811621248D-01  0.4542649976547053D-01  0.4438459388636975D-01
  0.4336436703286682D-01  0.4236541362512828D-01  0.4138733509920690D-01  0.4042974058338397D-01  0.3949224424121725D-01
  0.3857446751308709D-01  0.3767603837801788D-01  0.3679659169647983D-01  0.3593576772477476D-01  0.3509321280732089D-01
  0.3426857968822301D-01  0.3346152725602064D-01  0.3267172011031694D-01  0.3189882786487406D-01  0.3114252625341520D-01
  0.3040249657990083D-01  0.2967842606344928D-01  0.2897000611837777D-01  0.2827693402238498D-01  0.2759891221752406D-01
  0.2693564876604974D-01  0.2628685574443856D-01  0.2565225046842474D-01  0.2503155516522512D-01  0.2442449728041405D-01
  0.2383080847696124D-01  0.2325022482915033D-01  0.2268248723343903D-01  0.2212734121178603D-01  0.2158453677148922D-01
  0.2105382754915067D-01  0.2053497197036256D-01  0.2002773261954917D-01  0.1953187671569431D-01  0.1904717452079270D-01
  0.1857340083466323D-01  0.1811033440729811D-01  0.1765775818046453D-01  0.1721545842680980D-01  0.1678322528096926D-01
  0.1636085270947662D-01  0.1594813853498014D-01  0.1554488401192273D-01  0.1515089368297003D-01  0.1476597579737025D-01
  0.1438994216278941D-01  0.1402260815548692D-01  0.1366379190450441D-01  0.1331331515782812D-01  0.1297100290334388D-01
  0.1263668364392239D-01  0.1231018837481501D-01  0.1199135147899775D-01  0.1168001044870380D-01  0.1137600596225022D-01
  0.1107918134249725D-01  0.1078938280457238D-01  0.1050645954936567D-01  0.1023026369772057D-01  0.9960650107323957D-02
  0.9697476151078637D-02  0.9440602061114219D-02  0.9189890745740904D-02  0.8945207912884051D-02  0.8706421369294816D-02
  0.8473401699079456D-02  0.8246021956027392D-02  0.8024157900252096D-02  0.7807687304078822D-02  0.7596490434027938D-02
  0.7390449935087941D-02  0.7189450871173236D-02  0.6993380412722380D-02  0.6802127852001252D-02  0.6615584829615862D-02
  0.6433645166573457D-02  0.6256204827720666D-02  0.6083161621343357D-02  0.5914415553433030D-02  0.5749868642703021D-02
  0.5589425045536497D-02  0.5432990534232541D-02  0.5280472971661654D-02  0.5131782096169976D-02  0.4986829615544550D-02
  0.4845528850051531D-02  0.4707794943034134D-02  0.4573544822999934D-02  0.4442697237617239D-02  0.4315172567930996D-02
  0.4190892760483443D-02  0.4069781481183635D-02  0.3951764027949404D-02  0.3836767334158946D-02  0.3724719675677375D-02
  0.3615550978020505D-02  0.3509192671974598D-02  0.3405577756931018D-02  0.3304640456603572D-02  0.3206316504753111D-02
  0.3110543035097291D-02  0.3017258608931001D-02  0.2926403022444812D-02  0.2837917397589225D-02  0.2751744174027468D-02
  0.2667827092663764D-02  0.2586111121761971D-02  0.2506542358778294D-02  0.2429068157052996D-02  0.2353637044223940D-02
  0.2280198782539661D-02  0.2208704093035481D-02  0.2139104885633433D-02  0.2071354153541822D-02  0.2005406017699267D-02
  0.1941215519028166D-02  0.1878738748762234D-02  0.1817932839379192D-02  0.1758755930826676D-02  0.1701167074476027D-02
  0.1645126239989852D-02  0.1590594353206933D-02  0.1537533262049120D-02  0.1485905698997490D-02  0.1435675209700118D-02
  0.1386806230164589D-02  0.1339264027593136D-02  0.1293014741009048D-02  0.1248025190856879D-02  0.1204263039334110D-02
  0.1161696706612530D-02  0.1120295412944841D-02  0.1080029046344845D-02  0.1040868221876622D-02  0.1002784271513491D-02
  0.9657492361610869D-03  0.9297358105673176D-03  0.8947173151242984D-03  0.8606677475000954D-03  0.8275617460418139D-03
  0.7953745792041760D-03  0.7640820587808914D-03  0.7336606214896950D-03  0.7040872810807912D-03  0.6753396458355320D-03
  0.6473958130526863D-03  0.6202344542275783D-03  0.5938347672662575D-03  0.5681764867846095D-03  0.5432398199688025D-03
  0.5190054653735053D-03  0.4954546137131725D-03  0.4725689363512651D-03  0.4503305686989373D-03  0.4287220651804700D-03
  0.4077264386049935D-03  0.3873271334465169D-03  0.3675080315804853D-03  0.3482533788249022D-03  0.3295478422605967D-03
  0.3113764891936533D-03  0.2937247826171934D-03  0.2765785234475208D-03  0.2599238883524311D-03  0.2437474136250278D-03
  0.2280359938707335D-03  0.2127768441482979D-03  0.1979575125017087D-03  0.1835658754525220D-03  0.1695901295168934D-03
  0.1560187812868816D-03  0.1428406163516038D-03  0.1300447269456123D-03  0.1176204882964258D-03  0.1055575760064818D-03
  0.9384590374617694D-04  0.8247566674862946D-04  0.7143731928421686D-04  0.6072157873251307D-04  0.5031939126722712D-04
  0.4022194484280567D-04  0.3042066905913190D-04  0.2090722830677630D-04  0.1167350349644384D-04  0.2237265342231693D-05
  0.0000000000000000D+00  0.0000000000000000D+00  0.0000000000000000D+00  0.0000000000000000D+00  0.0000000000000000D+00
  0.0000000000000000D+00  0.0000000000000000D+00  0.0000000000000000D+00  0.0000000000000000D+00  0.0000000000000000D+00
  0.0000000000000000D+00  0.0000000000000000D+00  0.0000000000000000D+00  0.0000000000000000D+00  0.0000000000000000D+00
  0.0000000000000000D+00  0.0000000000000000D+00  0.0000000000000000D+00  0.0000000000000000D+00  0.0000000000000000D+00
  0.0000000000000000D+00  0.0000000000000000D+00  0.0000000000000000D+00  0.0000000000000000D+00  0.0000000000000000D+00
  0.0000000000000000D+00  0.0000000000000000D+00  0.0000000000000000D+00  0.0000000000000000D+00  0.0000000000000000D+00
  0.0000000000000000D+00  0.0000000000000000D+00  0.0000000000000000D+00  0.0000000000000000D+00  0.0000000000000000D+00
  0.0000000000000000D+00  0.0000000000000000D+00  0.0000000000000000D+00  0.0000000000000000D+00  0.0000000000000000D+00
  0.0000000000000000D+00  0.0000000000000000D+00  0.0000000000000000D+00  0.0000000000000000D+00  0.0000000000000000D+00
  0.0000000000000000D+00  0.0000000000000000D+00  0.0000000000000000D+00  0.0000000000000000D+00  0.0000000000000000D+00
  0.0000000000000000D+00  0.0000000000000000D+00  0.0000000000000000D+00  0.0000000000000000D+00  0.0000000000000000D+00
  0.0000000000000000D+00  0.0000000000000000D+00  0.0000000000000000D+00  0.0000000000000000D+00  0.0000000000000000D+00
  0.0000000000000000D+00  0.0000000000000000D+00  0.0000000000000000D+00  0.0000000000000000D+00  0.0000000000000000D+00
  0.0000000000000000D+00  0.1813076825861537D+00  0.3608092695721241D+00  0.5385047609579114D+00  0.7143941567435156D+00
  0.8884774569289365D+00  0.1060754661514174D+01  0.1231225770499229D+01  0.1399890783884100D+01  0.1566749701668789D+01
  0.1731802523853294D+01  0.1895049250438072D+01  0.2056489881422749D+01  0.2216124416806788D+01  0.2373952856590643D+01
  0.2529975200774315D+01  0.2684191449357804D+01  0.2836601602341110D+01  0.2987205659724232D+01  0.3136003621507172D+01
  0.3282995487689928D+01  0.3428181258272502D+01  0.3571560933255803D+01  0.3713134512638052D+01  0.3852901996420117D+01
  0.3990863384601999D+01  0.4127018677184775D+01  0.4261367874166332D+01  0.4393910975547706D+01  0.4524647981328897D+01
  0.4653578891509904D+01  0.4780703706090728D+01  0.4906022425071369D+01  0.5029535048453195D+01  0.5151241576233512D+01
  0.5271142008413644D+01  0.5389236344993594D+01  0.5505524585973361D+01  0.5620006731352944D+01  0.5732682781132344D+01
  0.5843552735311562D+01  0.5952616593892296D+01  0.6059874356871188D+01  0.6165326024251680D+01  0.6268971596030247D+01
  0.6370811072208633D+01  0.6470844452786833D+01  0.6569071737764850D+01  0.6665492927142686D+01  0.6760108020920336D+01
  0.6852917019097806D+01  0.6943919921676147D+01  0.7033116728653270D+01  0.7120507440031309D+01  0.7206092055808085D+01
  0.7289870575984679D+01  0.7371843000561090D+01  0.7452009329538499D+01  0.7530369562914565D+01  0.7606923700690446D+01
  0.7681671742866144D+01  0.7754613689442926D+01  0.7825749540419563D+01  0.7895079295794755D+01  0.7962602955569761D+01
  0.8028320519744586D+01  0.8092231988319227D+01  0.8154337361295074D+01  0.8214636638669370D+01  0.8273129820444913D+01
  0.8329816906618863D+01  0.8384697897192630D+01  0.8437772792166212D+01  0.8489041591541127D+01  0.8538504295314365D+01
  0.8586160903487420D+01  0.8632011416061868D+01  0.8676055833034576D+01  0.8718294154408719D+01  0.8758726380181082D+01
  0.8797352510353262D+01  0.8834172544925261D+01  0.8869186483897074D+01  0.8902394327270425D+01  0.8933796075043636D+01
  0.8963391727214940D+01  0.8991181283786064D+01  0.9017164744757004D+01  0.9041342110127760D+01  0.9063713379900177D+01
  0.9084278554070590D+01  0.9103037632642703D+01  0.9119990615612769D+01  0.9135137502982650D+01  0.9148478294754298D+01
  0.9160012990923835D+01  0.9169741591493189D+01  0.9177664096462358D+01  0.9183780505831345D+01  0.9188090819604252D+01
  0.9190595037772916D+01  0.9191293160341395D+01  0.9190185187309689D+01  0.9187271118677803D+01  0.9182550954445730D+01
  0.9176024694615656D+01  0.9167692339183239D+01  0.9157553888152856D+01  0.9145609341520094D+01  0.9131858699287148D+01
  0.9116301961456301D+01  0.9098939128023012D+01  0.9079770198989538D+01  0.9058795174357051D+01  0.9036014054124403D+01
  0.9011426838290399D+01  0.8985033526857418D+01  0.8956834119824270D+01  0.8926828617189740D+01  0.8895017018956258D+01
  0.8861399325122614D+01  0.8825975535687554D+01  0.8788745650653576D+01  0.8749709670018159D+01  0.8708867593782559D+01
  0.8666219421949368D+01  0.8621765154513424D+01  0.8575504791477295D+01  0.8527438332843637D+01  0.8477565778607163D+01
  0.8425887128771853D+01  0.8372402383335025D+01  0.8317111542299379D+01  0.8260014605663573D+01  0.8201111573426212D+01
  0.8140402445590070D+01  0.8077887222153766D+01  0.8013565903115879D+01  0.7947438488479238D+01  0.7879504978240995D+01
  0.7809765372404019D+01  0.7738219670966882D+01  0.7664867873928110D+01  0.7589709981290636D+01  0.7512745993053001D+01
  0.7433975909214451D+01  0.7353399729775729D+01  0.7271017454736834D+01  0.7186829084098533D+01  0.7100834617859297D+01
  0.7013034056019888D+01  0.6923427398580307D+01  0.6832014645541341D+01  0.6738795796901419D+01  0.6643770852661325D+01
  0.6546939812821058D+01  0.6448302677381426D+01  0.6347859446340006D+01  0.6245610119700038D+01  0.6141554697459084D+01
  0.6035693179618788D+01  0.5928025566177494D+01  0.5818551857136028D+01  0.5707272052494811D+01  0.5594186152253426D+01
  0.5479294156411019D+01  0.5362596064969724D+01  0.5244091877927401D+01  0.5123781595284905D+01  0.5001665217042675D+01
  0.4877742743200277D+01  0.4752014173757267D+01  0.4624479508714309D+01  0.4495138748071404D+01  0.4363991891827993D+01
  0.4231038939984525D+01  0.4096279892540886D+01  0.3959714749497119D+01  0.3822338135360749D+01  0.3687414571641908D+01
  0.3555205830898635D+01  0.3425718111119732D+01  0.3298955926972095D+01  0.3174922666946530D+01  0.3053619629931974D+01
  0.2935047386259188D+01  0.2819204115870591D+01  0.2706087297982227D+01  0.2595692272476660D+01  0.2488013312827685D+01
  0.2383042940897631D+01  0.2280772223295202D+01  0.2181190854419218D+01  0.2084286703671983D+01  0.1990046628114671D+01
  0.1898455339622533D+01  0.1809496758844853D+01  0.1723152593364898D+01  0.1639403625258159D+01  0.1558228725148031D+01
  0.1479605360589903D+01  0.1403506623469860D+01  0.1329901202399734D+01  0.1258756304384706D+01  0.1190037112571223D+01
  0.1123707732412038D+01  0.1059730021690744D+01  0.9980648050635405D+00  0.9386708038533500D+00  0.8815054646923950D+00
  0.8265244076437960D+00  0.7736816984932846D+00  0.7229298425615874D+00  0.6742195385023950D+00  0.6275001629477353D+00
  0.5827190740513890D+00  0.5398224679847520D+00  0.4987544526008940D+00  0.4594579016966499D+00  0.4218737949850850D+00
  0.3859416529489480D+00  0.3515993123742943D+00  0.3187831723100165D+00  0.2874402194139307D+00  0.2575341140426601D+00
  0.2290292351612126D+00  0.2018885911955271D+00  0.1760744561974316D+00  0.1515477890592614D+00  0.1282686992346452D+00
  0.1061961257821113D+00  0.8528801037554821D-01  0.6550126208719197D-01  0.4679166511348445D-01  0.2911408808826584D-01
  0.1242217119701387D-01 -0.3331276710262308D-02 -0.1819472024153776D-01 -0.3221748341334193D-01 -0.4545007084572676D-01
 -0.5794395373527874D-01 -0.6975168770944140D-01 -0.8092687999973282D-01 -0.9152414853592243D-01 -0.1015991782927587D+00
 -0.1111952349511389D+00 -0.1203246611850344D+00 -0.1289953670325901D+00 -0.1372155921910962D+00 -0.1449937394448794D+00
 -0.1523384945955434D+00 -0.1592587566568909D+00 -0.1657636599312115D+00 -0.1718625972316994D+00 -0.1775651538251286D+00
 -0.1828812138265727D+00 -0.1878208159985139D+00 -0.1923943240754800D+00 -0.1966122602667792D+00 -0.2004854392322913D+00
 -0.2040248745395274D+00 -0.2072418342928625D+00 -0.2101478208205534D+00 -0.2127545583249412D+00 -0.2150740352078437D+00
 -0.2171184344904662D+00 -0.2189002252039638D+00 -0.2204310395775784D+00 -0.2217188304858803D+00 -0.2227707195659891D+00
 -0.2235940010354723D+00 -0.2241961033177573D+00 -0.2245846045706313D+00 -0.2247672382740929D+00 -0.2247518682769630D+00
 -0.2245465313439207D+00 -0.2241593788077875D+00 -0.2235987456532693D+00 -0.2228730822841397D+00 -0.2219910107423055D+00
 -0.2209612842947694D+00 -0.2197928124251004D+00 -0.2184946498961406D+00 -0.2170759955025141D+00 -0.2155462036124329D+00
 -0.2139147642431214D+00 -0.2121913289326409D+00 -0.2103856823832113D+00 -0.2085077694395325D+00 -0.2065673469399099D+00
 -0.2045722312868354D+00 -0.2025295260206837D+00 -0.2004464364059406D+00 -0.1983302707514000D+00 -0.1961884394359690D+00
 -0.1940284560705964D+00 -0.1918579375844982D+00 -0.1896846018786666D+00 -0.1875162725824965D+00 -0.1853608725082221D+00
 -0.1832264306843213D+00 -0.1811210764355073D+00 -0.1790530426677209D+00 -0.1770306667073099D+00 -0.1750623838338329D+00
 -0.1731567408938083D+00 -0.1713223744901474D+00 -0.1695680410885708D+00 -0.1679025807650838D+00 -0.1663349539085553D+00
 -0.1648742100611075D+00 -0.1635291288601806D+00 -0.1623043475564798D+00 -0.1612019002875635D+00 -0.1602237996360887D+00
 -0.1593720522457087D+00 -0.1586486957871047D+00 -0.1580557508925177D+00 -0.1575952740389671D+00 -0.1572693073592147D+00
 -0.1570799204991447D+00 -0.1570291806732771D+00 -0.1571191693531359D+00 -0.1573519790598797D+00 -0.1577297028644690D+00
 -0.1582544588222266D+00 -0.1589283517260125D+00 -0.1597535243415519D+00 -0.1607320972808660D+00 -0.1618662280771188D+00
 -0.1631580628687693D+00 -0.1646097705662206D+00 -0.1662235230666917D+00 -0.1680012810924589D+00 -0.1699402855745273D+00
 -0.1720331366634431D+00 -0.1742721644842345D+00 -0.1766495673041809D+00 -0.1791574611507165D+00 -0.1817878336661533D+00
 -0.1845325815925383D+00 -0.1873834847721548D+00 -0.1903322208266276D+00 -0.1933703601306526D+00 -0.1964893628682743D+00
 -0.1996805882484760D+00 -0.2029352807311313D+00 -0.2062445866308170D+00 -0.2095995369108072D+00 -0.2129910617812299D+00
 -0.2164099810625614D+00 -0.2198470092016312D+00 -0.2232927531655311D+00 -0.2267377133923015D+00 -0.2301722822115347D+00
 -0.2335867631109504D+00 -0.2369721739411834D+00 -0.2403206775813820D+00 -0.2436244440246557D+00 -0.2468755717046429D+00
 -0.2500660666528393D+00 -0.2531878598600446D+00 -0.2562327954404145D+00 -0.2591926354936582D+00 -0.2620590636766357D+00
 -0.2648236717261270D+00 -0.2674779843253303D+00 -0.2700134213526685D+00 -0.2724213470212380D+00 -0.2746930168430735D+00
 -0.2768196259190684D+00 -0.2787922703417069D+00 -0.2806019733921999D+00 -0.2822396736675067D+00 -0.2836962210909605D+00
 -0.2849623983139847D+00 -0.2860288803402515D+00 -0.2868863085556017D+00 -0.2875291740402514D+00 -0.2879613099561582D+00
 -0.2881879147997759D+00 -0.2882142832543722D+00 -0.2880457686837388D+00 -0.2876878010300015D+00 -0.2871458873123624D+00
 -0.2864255939540779D+00 -0.2855325803971426D+00 -0.2844725507889066D+00 -0.2832513131318657D+00 -0.2818747183880664D+00
 -0.2803487137392495D+00 -0.2786793016964094D+00 -0.2768725671312963D+00 -0.2749346637500615D+00 -0.2728718153949403D+00
 -0.2706903256764219D+00 -0.2683965587083906D+00 -0.2659969662971666D+00 -0.2634980553411294D+00 -0.2609064221231820D+00
 -0.2582279567386755D+00 -0.2554657023961887D+00 -0.2526220350868575D+00 -0.2496993615981781D+00 -0.2467001182494251D+00
 -0.2436267663890692D+00 -0.2404818021423153D+00 -0.2372677419449141D+00 -0.2339871405107412D+00 -0.2306425719578969D+00
 -0.2272366468288244D+00 -0.2237719986363379D+00 -0.2202512929948529D+00 -0.2166772227046898D+00 -0.2130525089933933D+00
 -0.2093799034035402D+00 -0.2056621833251483D+00 -0.2019021584509120D+00 -0.1981026630069528D+00 -0.1942665638972430D+00
 -0.1903967535717760D+00 -0.1864961550771657D+00 -0.1825677540911146D+00 -0.1786147870287953D+00 -0.1746406074949355D+00
 -0.1706486013164560D+00 -0.1666421857657593D+00 -0.1626248111079464D+00 -0.1585999576486243D+00 -0.1545711401208399D+00
 -0.1505419022677574D+00 -0.1465158224305053D+00 -0.1424965087707232D+00 -0.1384876024701047D+00 -0.1344927767718601D+00
 -0.1305157350305941D+00 -0.1265602162433010D+00 -0.1226299852607211D+00 -0.1187288475149710D+00 -0.1148606299508965D+00
 -0.1110292012745888D+00 -0.1072384540614871D+00 -0.1034923185676674D+00 -0.9979475378636386D-01 -0.9614954618400137D-01
 -0.9255827756059558D-01 -0.8902115270033049D-01 -0.8553836342995036D-01 -0.8211008652794774D-01 -0.7873650982802582D-01
 -0.7541780529270932D-01 -0.7215415311042189D-01 -0.6894572336951896D-01 -0.6579268764999804D-01 -0.6269521413968215D-01
 -0.5965346583687832D-01 -0.5666760900176566D-01 -0.5373779807844720D-01 -0.5086419737159756D-01 -0.4804695421003641D-01
 -0.4528622668226873D-01 -0.4258215948400500D-01 -0.3993490238413239D-01 -0.3734459812355626D-01 -0.3481138794480362D-01
 -0.3233541260474990D-01 -0.2991690432439162D-01 -0.2755820998962864D-01 -0.2526369496214427D-01 -0.2303785304991588D-01
 -0.2088519694549216D-01 -0.1881028694212535D-01 -0.1681770754920582D-01 -0.1491208358118227D-01 -0.1309807216337900D-01
 -0.1138036182746195D-01 -0.9763683123554414D-02 -0.8252787486788808D-02 -0.6852479710724230D-02 -0.5567575530032991D-02
 -0.4402948151330992D-02 -0.3363484563647189D-02 -0.2454121617266041D-02 -0.1679820521556319D-02 -0.1045580225870918D-02
 -0.5564369962694915D-03 -0.2174510399361845D-03 -0.3373452574521323D-04  0.0000000000000000D+00  0.0000000000000000D+00
  0.0000000000000000D+00  0.0000000000000000D+00  0.0000000000000000D+00  0.0000000000000000D+00  0.0000000000000000D+00
  0.0000000000000000D+00  0.0000000000000000D+00  0.0000000000000000D+00  0.0000000000000000D+00  0.0000000000000000D+00
  0.0000000000000000D+00  0.1314110445379627D+00  0.2614425158569569D+00  0.3900944139569204D+00  0.5173667388378738D+00
  0.6432594905000246D+00  0.7677726689429996D+00  0.8909062741669644D+00  0.1012660306172085D+01  0.1133034764958051D+01
  0.1252029650525007D+01  0.1369644962872952D+01  0.1485880702002386D+01  0.1600736867912353D+01  0.1714213460603310D+01
  0.1826310480075568D+01  0.1937027926328526D+01  0.2046365799362474D+01  0.2154324099177785D+01  0.2260902825773733D+01
  0.2366101979151086D+01  0.2469921559309471D+01  0.2572361566248431D+01  0.2673421999968381D+01  0.2773102860469819D+01
  0.2871404147751770D+01  0.2968325861814710D+01  0.3063868002659201D+01  0.3158030570284724D+01  0.3250813564690676D+01
  0.3342216985877618D+01  0.3432240833846193D+01  0.3520885108595136D+01  0.3608149810125069D+01  0.3694034938436697D+01
  0.3778540493529356D+01  0.3861666475402301D+01  0.3943412884057002D+01  0.4023779719491948D+01  0.4102766981707883D+01
  0.4180374670704808D+01  0.4256602786483573D+01  0.4331451329043370D+01  0.4404920298383307D+01  0.4477009694505146D+01
  0.4547719517407083D+01  0.4617049767090011D+01  0.4685000443554902D+01  0.4751571546799831D+01  0.4816763076825748D+01
  0.4880575033634731D+01  0.4943007417222669D+01  0.5004060227591599D+01  0.5063733464742618D+01  0.5122027128673548D+01
  0.5178941219385468D+01  0.5234475736878379D+01  0.5288630681154642D+01  0.5341406052209575D+01  0.5392801850045497D+01
  0.5442818074663652D+01  0.5491454726061575D+01  0.5538711804240488D+01  0.5584589309201696D+01  0.5629087240942609D+01
  0.5672205599465860D+01  0.5713944384770143D+01  0.5754303596854068D+01  0.5793283235718983D+01  0.5830883301366318D+01
  0.5867103793793233D+01  0.5901944713001875D+01  0.5935406058991527D+01  0.5967487831761434D+01  0.5998190031313864D+01
  0.6027512657646548D+01  0.6055455710759456D+01  0.6082019190654949D+01  0.6107203097330665D+01  0.6131007430786575D+01
  0.6153432191024302D+01  0.6174477378043041D+01  0.6194142991842790D+01  0.6212429032423549D+01  0.6229335499784450D+01
  0.6244862393928102D+01  0.6259009714851895D+01  0.6271777462555796D+01  0.6283165637041598D+01  0.6293174238308413D+01
  0.6301803266356238D+01  0.6309052721185073D+01  0.6314922602794919D+01  0.6319412911185776D+01  0.6322523646356669D+01
  0.6324254808309538D+01  0.6324606397044412D+01  0.6323578412558306D+01  0.6321170854854206D+01  0.6317383723931116D+01
  0.6312217019789039D+01  0.6305670742427972D+01  0.6297744891846857D+01  0.6288439468047800D+01  0.6277754471030833D+01
  0.6265689900792720D+01  0.6252245757336696D+01  0.6237422040661682D+01  0.6221218750767679D+01  0.6203635887654687D+01
  0.6184673451321565D+01  0.6164331441771735D+01  0.6142609859001776D+01  0.6119508703011655D+01  0.6095027973803706D+01
  0.6069167671376768D+01  0.6041927795730841D+01  0.6013308346865925D+01  0.5983309324782018D+01  0.5951930729479123D+01
  0.5919172560957239D+01  0.5885034819215112D+01  0.5849517504255238D+01  0.5812620616077013D+01  0.5774344154678523D+01
  0.5734688120061683D+01  0.5693652512225853D+01  0.5651237331171033D+01  0.5607442576896561D+01  0.5562268249403757D+01
  0.5515714348692638D+01  0.5467780874761183D+01  0.5418467827611412D+01  0.5367775207241962D+01  0.5315703013654901D+01
  0.5262251246847463D+01  0.5207419906821730D+01  0.5151208993576297D+01  0.5093618507112581D+01  0.5034648447429873D+01
  0.4974298814528178D+01  0.4912569608406763D+01  0.4849460829067083D+01  0.4784972476509156D+01  0.4719104550730757D+01
  0.4651857051734110D+01  0.4583229979517717D+01  0.4513223334083848D+01  0.4441837115429466D+01  0.4369071323556857D+01
  0.4294925958465257D+01  0.4219401020154279D+01  0.4142496508624699D+01  0.4064212423875734D+01  0.3984548765908173D+01
  0.3903505534721221D+01  0.3821082730315679D+01  0.3737280352690741D+01  0.3652098401847218D+01  0.3565536877784293D+01
  0.3477595780502789D+01  0.3388275110002295D+01  0.3297574866282393D+01  0.3205495049343707D+01  0.3112035659186029D+01
  0.3017196695809574D+01  0.2920978159213913D+01  0.2823380049399262D+01  0.2724402366365618D+01  0.2624045110112982D+01
  0.2522308280641354D+01  0.2419191877950735D+01  0.2314695902041235D+01  0.2208820352912633D+01  0.2101565230565067D+01
  0.1993358288471787D+01  0.1887379010503202D+01  0.1784274338301790D+01  0.1684042391354785D+01  0.1586680040989239D+01
  0.1492182129057523D+01  0.1400542036799559D+01  0.1311751628660398D+01  0.1225800791298115D+01  0.1142678140634136D+01
  0.1062370393965568D+01  0.9848626557112680D+00  0.9101386434197080D+00  0.8381800167999927D+00  0.7689671405983839D+00
  0.7024785978042020D+00  0.6386912365052541D+00  0.5775805863211113D+00  0.5191168249062799D+00  0.4632554916946917D+00
  0.4099467987050685D+00  0.3591387362493090D+00  0.3107775339151596D+00  0.2648070824431369D+00  0.2211693628734226D+00
  0.1798043830206136D+00  0.1406498756529124D+00  0.1036417746162844D+00  0.6871378653690749D-01  0.3579759688588913D-01
  0.4822991980638729D-02 -0.2428254350113177D-01 -0.5159336406247018D-01 -0.7718596359025465D-01 -0.1011389305496860D+00
 -0.1235327310554785D+00 -0.1444501061441582D+00 -0.1639756946245148D+00 -0.1821962087324657D+00 -0.1992004852198501D+00
 -0.2150792827446416D+00 -0.2299255372237853D+00 -0.2438341695895345D+00 -0.2569021297001244D+00 -0.2692284921508086D+00
 -0.2809142997600346D+00 -0.2920580707469534D+00 -0.3026999398256164D+00 -0.3128385628742460D+00 -0.3224719103069765D+00
 -0.3315980011683671D+00 -0.3402149833909603D+00 -0.3483211228542554D+00 -0.3559147353820752D+00 -0.3629943139386790D+00
 -0.3695584053568284D+00 -0.3756056680356021D+00 -0.3811348935898867D+00 -0.3861449251256447D+00 -0.3906347652489723D+00
 -0.3946034924509019D+00 -0.3980502762757245D+00 -0.4009744336933724D+00 -0.4033753348163506D+00 -0.4052524925257940D+00
 -0.4066055162785334D+00 -0.4074340875158150D+00 -0.4077380481457417D+00 -0.4075172949752307D+00 -0.4067718518667233D+00
 -0.4055018579566180D+00 -0.4037075089700036D+00 -0.4013891697376658D+00 -0.3985472639329649D+00 -0.3951824123221490D+00
 -0.3913036477226601D+00 -0.3869353468375368D+00 -0.3821040272066381D+00 -0.3768366869991623D+00 -0.3711608232961307D+00
 -0.3651044649940389D+00 -0.3586961152954137D+00 -0.3519648054179244D+00 -0.3449400651063516D+00 -0.3376519179893953D+00
 -0.3301309133495378D+00 -0.3224080885643929D+00 -0.3145149941888080D+00 -0.3064836855815370D+00 -0.2983467191977189D+00
 -0.2901371613452986D+00 -0.2818885807838775D+00 -0.2736350534190572D+00 -0.2654111552544604D+00 -0.2572519781644967D+00
 -0.2491931059850826D+00 -0.2412706345408900D+00 -0.2335211714560609D+00 -0.2259818099964152D+00 -0.2186901745807454D+00
 -0.2116843727202714D+00 -0.2050030208700737D+00 -0.1986852650948276D+00 -0.1927641093765677D+00 -0.1872382277064589D+00
 -0.1820947692692299D+00 -0.1773206184151331D+00 -0.1729024453064227D+00 -0.1688266162538072D+00 -0.1650792830563629D+00
 -0.1616463374304919D+00 -0.1585134043108928D+00 -0.1556658874853251D+00 -0.1530889059181657D+00 -0.1507673454236216D+00
 -0.1486858436236459D+00 -0.1468287677807938D+00 -0.1451802564834093D+00 -0.1437241785648012D+00 -0.1424441569398676D+00
 -0.1413235718285693D+00 -0.1403455345741173D+00 -0.1394929200652714D+00 -0.1387483438065543D+00 -0.1380941691544162D+00
 -0.1375125154428215D+00 -0.1369852399366669D+00 -0.1364939554131895D+00 -0.1360200206739474D+00 -0.1355445429100597D+00
 -0.1350483772816437D+00 -0.1345129111361407D+00 -0.1339339510960000D+00 -0.1333202892099952D+00 -0.1326812910753165D+00
 -0.1320264453378009D+00 -0.1313653664539957D+00 -0.1307077929307260D+00 -0.1300635893209002D+00 -0.1294427426871877D+00
 -0.1288553674005608D+00 -0.1283117010650827D+00 -0.1278221046169171D+00 -0.1273970698840655D+00 -0.1270472043974690D+00
 -0.1267832473814380D+00 -0.1266160614293332D+00 -0.1265566289525152D+00 -0.1266160681619764D+00 -0.1268056088917931D+00
 -0.1271366133454721D+00 -0.1276205710349340D+00 -0.1282690849342100D+00 -0.1290938984453741D+00 -0.1301068658840486D+00
 -0.1313199703859586D+00 -0.1327453303983280D+00 -0.1343951684003933D+00 -0.1362818520532558D+00 -0.1384178332916716D+00
 -0.1408079859276225D+00 -0.1434391480203134D+00 -0.1462953511612752D+00 -0.1493604345955193D+00 -0.1526180177228934D+00
 -0.1560515001018324D+00 -0.1596440819515745D+00 -0.1633787338448764D+00 -0.1672382222169763D+00 -0.1712050995257405D+00
 -0.1752616992952794D+00 -0.1793901478264150D+00 -0.1835723529025417D+00 -0.1877900109867121D+00 -0.1920246041629625D+00
 -0.1962574017210737D+00 -0.2004694576286861D+00 -0.2046416135412218D+00 -0.2087544994096809D+00 -0.2127885233626121D+00
 -0.2167238923303672D+00 -0.2205405896075438D+00 -0.2242183872331702D+00 -0.2277368509541442D+00 -0.2310753151180452D+00
 -0.2342129223396145D+00 -0.2371285882774455D+00 -0.2398010117159446D+00 -0.2422111804759147D+00 -0.2443571915281968D+00
 -0.2462445459663101D+00 -0.2478788479972272D+00 -0.2492657759908617D+00 -0.2504111173701389D+00 -0.2513207212447291D+00
 -0.2520005359073110D+00 -0.2524565957056911D+00 -0.2526950024274262D+00 -0.2527219696560750D+00 -0.2525437758419237D+00
 -0.2521667910354481D+00 -0.2515974772666082D+00 -0.2508423644042562D+00 -0.2499080882098494D+00 -0.2488013568902182D+00
 -0.2475289636453422D+00 -0.2460977967426082D+00 -0.2445148156344668D+00 -0.2427870774687600D+00 -0.2409217195212214D+00
 -0.2389259595927853D+00 -0.2368071114290116D+00 -0.2345725633923438D+00 -0.2322297954312762D+00 -0.2297863724277140D+00
 -0.2272499382947409D+00 -0.2246280253042203D+00 -0.2219223296827673D+00 -0.2191279168049534D+00 -0.2162394554069739D+00
 -0.2132515580638253D+00 -0.2101587982973807D+00 -0.2069556950428820D+00 -0.2036367180682697D+00 -0.2001962949597659D+00
 -0.1966287949283091D+00 -0.1929285479939828D+00 -0.1890898319209465D+00 -0.1851068708521004D+00 -0.1809738517212957D+00
 -0.1766849008241902D+00 -0.1722341037432958D+00 -0.1676154980351000D+00 -0.1628230612264253D+00 -0.1578507401133834D+00
 -0.1526924185421572D+00 -0.1473419366878490D+00 -0.1417930920563049D+00 -0.1360396170544825D+00 -0.1300752163511064D+00
 -0.1238935326661574D+00 -0.1174881597634300D+00 -0.1108526549412970D+00 -0.1039805079927682D+00 -0.9686518876119819D-01
 -0.8951714268062240D-01 -0.8199885147303368D-01 -0.7438327588083038D-01 -0.6674407016934716D-01 -0.5915559178661706D-01
 -0.5169289326874724D-01 -0.4443174547701841D-01 -0.3744859118573402D-01 -0.3082059935469548D-01 -0.2462563095014291D-01
 -0.1894222765815708D-01 -0.1384968772191426D-01 -0.9427936129946256D-02 -0.5757647157128752D-02 -0.2920199465077093D-02
 -0.9976177523665266D-03 -0.7271730368804832D-04  0.0000000000000000D+00  0.0000000000000000D+00  0.0000000000000000D+00
  0.0000000000000000D+00  0.0000000000000000D+00  0.0000000000000000D+00  0.0000000000000000D+00  0.0000000000000000D+00
  0.0000000000000000D+00  0.0000000000000000D+00  0.0000000000000000D+00  0.0000000000000000D+00  0.0000000000000000D+00
  0.0000000000000000D+00  0.0000000000000000D+00  0.0000000000000000D+00  0.0000000000000000D+00  0.0000000000000000D+00
  0.0000000000000000D+00  0.0000000000000000D+00  0.0000000000000000D+00  0.0000000000000000D+00  0.0000000000000000D+00
  0.0000000000000000D+00  0.0000000000000000D+00  0.0000000000000000D+00  0.0000000000000000D+00  0.0000000000000000D+00
  0.0000000000000000D+00  0.0000000000000000D+00  0.0000000000000000D+00  0.0000000000000000D+00  0.0000000000000000D+00
  0.0000000000000000D+00  0.0000000000000000D+00  0.0000000000000000D+00  0.0000000000000000D+00  0.0000000000000000D+00
  0.0000000000000000D+00  0.0000000000000000D+00  0.0000000000000000D+00  0.0000000000000000D+00  0.0000000000000000D+00
  0.0000000000000000D+00  0.0000000000000000D+00  0.0000000000000000D+00  0.0000000000000000D+00  0.0000000000000000D+00
  0.0000000000000000D+00  0.0000000000000000D+00  0.0000000000000000D+00  0.0000000000000000D+00  0.0000000000000000D+00
  0.0000000000000000D+00  0.0000000000000000D+00  0.0000000000000000D+00  0.0000000000000000D+00  0.0000000000000000D+00
  0.0000000000000000D+00  0.0000000000000000D+00  0.0000000000000000D+00  0.0000000000000000D+00  0.0000000000000000D+00
  0.0000000000000000D+00  0.2332765189751325D+00  0.4638732957125066D+00  0.6917903302121223D+00  0.9170276224738138D+00
  0.1139585172497871D+01  0.1359462980284170D+01  0.1576661045832420D+01  0.1791179369142829D+01  0.2003017950215397D+01
  0.2212176789050538D+01  0.2418655885647920D+01  0.2622455240007047D+01  0.2823574852128871D+01  0.3022014722012937D+01
  0.3217774849658622D+01  0.3410855235067130D+01  0.3601255878237879D+01  0.3788976779170123D+01  0.3974017937865314D+01
  0.4156379354321917D+01  0.4336061028540679D+01  0.4513062960522511D+01  0.4687385150266586D+01  0.4859027597771906D+01
  0.5027990303040422D+01  0.5194273266070101D+01  0.5357876486863058D+01  0.5518799965418258D+01  0.5677043701734497D+01
  0.5832607695814136D+01  0.5985491947656019D+01  0.6135696457257490D+01  0.6283221224623773D+01  0.6428066249752297D+01
  0.6570231532641611D+01  0.6709717073294577D+01  0.6846522871708251D+01  0.6980648927885658D+01  0.7112095241825307D+01
  0.7240861813525540D+01  0.7366948642989631D+01  0.7490355730215963D+01  0.7611083075202755D+01  0.7729130677951704D+01
  0.7844498538464680D+01  0.7957186656739895D+01  0.8067195032775404D+01  0.8174523666575061D+01  0.8279172558136960D+01
  0.8381141707459028D+01  0.8480431114544311D+01  0.8577040779391794D+01  0.8670970702002577D+01  0.8762220882373363D+01
  0.8850791320507446D+01  0.8936682016403731D+01  0.9019892970063397D+01  0.9100424181484103D+01  0.9178275650667008D+01
  0.9253447377613357D+01  0.9325939362319419D+01  0.9395751604788924D+01  0.9462884105020631D+01  0.9527336863015863D+01
  0.9589109878771989D+01  0.9648203152288948D+01  0.9704616683570842D+01  0.9758350472613571D+01  0.9809404519418498D+01
  0.9857778823985624D+01  0.9903473386316424D+01  0.9946488206407972D+01  0.9986823284260208D+01  0.1002447861987767D+02
  0.1005945421325582D+02  0.1009175006439617D+02  0.1012136617329872D+02  0.1014830253996508D+02  0.1017255916439041D+02
  0.1019413604657956D+02  0.1021303318653259D+02  0.1022925058424616D+02  0.1024278823972193D+02  0.1025364615295990D+02
  0.1026182432396007D+02  0.1026732275272244D+02  0.1027014143924701D+02  0.1027028038353561D+02  0.1026773958558460D+02
  0.1026251904539393D+02  0.1025461876296919D+02  0.1024403873830478D+02  0.1023077897140257D+02  0.1021483946226256D+02
  0.1019622021088673D+02  0.1017492121726915D+02  0.1015094248141574D+02  0.1012428400332453D+02  0.1009494578299758D+02
  0.1006292782043079D+02  0.1002823011562621D+02  0.9990852668583821D+01  0.9950795479303634D+01  0.9908058547786727D+01
  0.9862641874030952D+01  0.9814545458037378D+01  0.9763769299806002D+01  0.9710313399337947D+01  0.9654177756630981D+01
  0.9595362371686218D+01  0.9533867244503654D+01  0.9469692375084451D+01  0.9402837763426296D+01  0.9333303409530343D+01
  0.9261089313397783D+01  0.9186195475026240D+01  0.9108621894416897D+01  0.9028368571569754D+01  0.8945435506486046D+01
  0.8859822699162068D+01  0.8771530149602782D+01  0.8680557857804450D+01  0.8586905823768317D+01  0.8490574047495672D+01
  0.8391562528983950D+01  0.8289871268234430D+01  0.8185500265247109D+01  0.8078449520023316D+01  0.7968719032559068D+01
  0.7856308802859695D+01  0.7741218830921865D+01  0.7623449116745560D+01  0.7502999660332144D+01  0.7379870461680246D+01
  0.7254061520791246D+01  0.7125572837663753D+01  0.6994404412299169D+01  0.6860556244696080D+01  0.6724028334855912D+01
  0.6584820682777229D+01  0.6442933288460747D+01  0.6298366151907200D+01  0.6151119273115864D+01  0.6001192652085992D+01
  0.5848586288818695D+01  0.5693300183313605D+01  0.5535334335570719D+01  0.5374688745590039D+01  0.5211363413371563D+01
  0.5045358338915293D+01  0.4876673522221229D+01  0.4705308963289371D+01  0.4531264662119519D+01  0.4354540618712169D+01
  0.4175136833066924D+01  0.3993053305183861D+01  0.3808536094173531D+01  0.3627674763040611D+01  0.3452978425390502D+01
  0.3284288013458597D+01  0.3121446043549568D+01  0.2964296639875053D+01  0.2812685924666739D+01  0.2666461662950530D+01
  0.2525473686525888D+01  0.2389574265944937D+01  0.2258618280433900D+01  0.2132462998140907D+01  0.2010968021064774D+01
  0.1893995813051549D+01  0.1781411590250477D+01  0.1673083493603866D+01  0.1568882016268108D+01  0.1468680876154138D+01
  0.1372356563121040D+01  0.1279788607118426D+01  0.1190859072312971D+01  0.1105452991707539D+01  0.1023458272653598D+01
  0.9447656880978257D+00  0.8692688478068905D+00  0.7968639889044704D+00  0.7274501757452109D+00  0.6609292207191521D+00
  0.5972056223455751D+00  0.5361863171133574D+00  0.4777808742546585D+00  0.4219015445125878D+00  0.3684631347103562D+00
  0.3173826104990104D+00  0.2685794710645995D+00  0.2219755555144935D+00  0.1774950754041725D+00  0.1350642906651824D+00
  0.9461176600577127D-01  0.5606821089585096D-01  0.1936644998605468D-01 -0.1555870057168567D-01 -0.4877049983295235D-01
 -0.8033021961744574D-01 -0.1102972640769741D+00 -0.1387291228015034D+00 -0.1656816140344568D+00 -0.1912087672660823D+00
 -0.2153629224974538D+00 -0.2381947152694285D+00 -0.2597533048756806D+00 -0.2800862603461459D+00 -0.2992396149916988D+00
 -0.3172578767400694D+00 -0.3341842045326029D+00 -0.3500603747959342D+00 -0.3649267984901029D+00 -0.3788225641367657D+00
 -0.3917855099651060D+00 -0.4038522840876013D+00 -0.4150582777406747D+00 -0.4254377407208022D+00 -0.4350237725167987D+00
 -0.4438484495522269D+00 -0.4519427528970127D+00 -0.4593366411223290D+00 -0.4660590620859478D+00 -0.4721380104499801D+00
 -0.4776005473624658D+00 -0.4824728203624784D+00 -0.4867800828682722D+00 -0.4905467530306041D+00 -0.4937964294775001D+00
 -0.4965519112119571D+00 -0.4988351799228604D+00 -0.5006674774461860D+00 -0.5020693385930262D+00 -0.5030605741384128D+00
 -0.5036603082056553D+00 -0.5038869841787543D+00 -0.5037584439768766D+00 -0.5032918647781145D+00 -0.5025038258404767D+00
 -0.5014103128539698D+00 -0.5000267582728550D+00 -0.4983680399862259D+00 -0.4964484984424115D+00 -0.4942819596448811D+00
 -0.4918817402365325D+00 -0.4892606772920040D+00 -0.4864311354931470D+00 -0.4834050226850700D+00 -0.4801938030760544D+00
 -0.4768085226072849D+00 -0.4732598115628012D+00 -0.4695578934974723D+00 -0.4657125969040233D+00 -0.4617333858540460D+00
 -0.4576293565446895D+00 -0.4534092522795476D+00 -0.4490814735781514D+00 -0.4446540956428091D+00 -0.4401348720743785D+00
 -0.4355312406485707D+00 -0.4308503430622501D+00 -0.4260990316533768D+00 -0.4212838788857644D+00 -0.4164111849890750D+00
 -0.4114869886661058D+00 -0.4065170760937524D+00 -0.4015069811939436D+00 -0.3964620038424098D+00 -0.3913872141892556D+00
 -0.3862874613072471D+00 -0.3811673780023868D+00 -0.3760313899838172D+00 -0.3708837250034197D+00 -0.3657284116661033D+00
 -0.3605692934957270D+00 -0.3554100321825476D+00 -0.3502541154662656D+00 -0.3451048629937694D+00 -0.3399654320218311D+00
 -0.3348388216118843D+00 -0.3297278760530788D+00 -0.3246352950587816D+00 -0.3195636402036986D+00 -0.3145153307676646D+00
 -0.3094926573497647D+00 -0.3044977837147758D+00 -0.2995327551368168D+00 -0.2945994926411367D+00 -0.2896998048105167D+00
 -0.2848353922064090D+00 -0.2800078516954120D+00 -0.2752186774862350D+00 -0.2704692639117310D+00 -0.2657609140510983D+00
 -0.2610948401238601D+00 -0.2564721689268883D+00 -0.2518939389472994D+00 -0.2473611114021563D+00 -0.2428745704147485D+00
 -0.2384351294911876D+00 -0.2340435249489888D+00 -0.2297004272341056D+00 -0.2254064411251653D+00 -0.2211621115865980D+00
 -0.2169679200171374D+00 -0.2128242899172235D+00 -0.2087315910016279D+00 -0.2046901417372146D+00 -0.2007002097245850D+00
 -0.1967620102988526D+00 -0.1928757154725143D+00 -0.1890414535635321D+00 -0.1852593134638096D+00 -0.1815293376942806D+00
 -0.1778515339384891D+00 -0.1742258736454555D+00 -0.1706522959685019D+00 -0.1671307022095108D+00 -0.1636609640443049D+00
 -0.1602429240624878D+00 -0.1568763985289369D+00 -0.1535611747355208D+00 -0.1502970136292615D+00 -0.1470836534652749D+00
 -0.1439208109727370D+00 -0.1408081820929150D+00 -0.1377454388470015D+00 -0.1347322367606248D+00 -0.1317682136140839D+00
 -0.1288529936372597D+00 -0.1259861791465849D+00 -0.1231673610991814D+00 -0.1203961168818890D+00 -0.1176720134059446D+00
 -0.1149946022799045D+00 -0.1123634248854323D+00 -0.1097780133726666D+00 -0.1072378920204798D+00 -0.1047425756084472D+00
 -0.1022915695125753D+00 -0.9988437369497141D-01 -0.9752048233939992D-01 -0.9519938515228714D-01 -0.9292056300003022D-01
 -0.9068349461866400D-01 -0.8848765501482540D-01 -0.8633251813953588D-01 -0.8421755090669882D-01 -0.8214221990035703D-01
 -0.8010599020230909D-01 -0.7810832705225819D-01 -0.7614869271083111D-01 -0.7422654905102791D-01 -0.7234135869858849D-01
 -0.7049258545042807D-01 -0.6867969358296440D-01 -0.6690214655455694D-01 -0.6515941059097453D-01 -0.6345095376913214D-01
 -0.6177624783757196D-01 -0.6013476327360540D-01 -0.5852597496769701D-01 -0.5694936062217640D-01 -0.5540440249320833D-01
 -0.5389058334851147D-01 -0.5240739019550171D-01 -0.5095431438343326D-01 -0.4953085189343834D-01 -0.4813650158288953D-01
 -0.4677076593073055D-01 -0.4543315253837851D-01 -0.4412317392154584D-01 -0.4284034728150041D-01 -0.4158419302404139D-01
 -0.4035423744570062D-01 -0.3915001176811366D-01 -0.3797105366471846D-01 -0.3681690302027432D-01 -0.3568710640107928D-01
 -0.3458121551428488D-01 -0.3349878858146046D-01 -0.3243938755709470D-01 -0.3140258007524310D-01 -0.3038793960858609D-01
 -0.2939504569967020D-01 -0.2842348294128996D-01 -0.2747284066079917D-01 -0.2654271457832777D-01 -0.2563270627525739D-01
 -0.2474242334611112D-01 -0.2387147739162469D-01 -0.2301948656459569D-01 -0.2218607463321354D-01 -0.2137087183165874D-01
 -0.2057351224581009D-01 -0.1979363644969615D-01 -0.1903089058412682D-01 -0.1828492692636760D-01 -0.1755540238944386D-01
 -0.1684197933164747D-01 -0.1614432587929847D-01 -0.1546211587995954D-01 -0.1479502864339272D-01 -0.1414274798884050D-01
 -0.1350496360527683D-01 -0.1288137053503484D-01 -0.1227166959529321D-01 -0.1167556545375298D-01 -0.1109276856396697D-01
 -0.1052299469816832D-01 -0.9965965136598488D-02 -0.9421405113740067D-02 -0.8889045161387577D-02 -0.8368620833228509D-02
 -0.7859872872586606D-02 -0.7362546274501124D-02 -0.6876390776249391D-02 -0.6401160987736311D-02 -0.5936616291937511D-02
 -0.5482520715163322D-02 -0.5038642119422253D-02 -0.4604753240200389D-02 -0.4180631125044810D-02 -0.3766057803525819D-02
 -0.3360818490955819D-02 -0.2964703128034834D-02 -0.2577505805137118D-02 -0.2199025044609625D-02 -0.1829062822319014D-02
 -0.1467425137358329D-02 -0.1113922115986307D-02 -0.7683679398604742D-03 -0.4305803768912253D-03 -0.8279450382286817D-04
  0.0000000000000000D+00  0.0000000000000000D+00  0.0000000000000000D+00  0.0000000000000000D+00  0.0000000000000000D+00
  0.0000000000000000D+00  0.0000000000000000D+00  0.0000000000000000D+00  0.0000000000000000D+00  0.0000000000000000D+00
  0.0000000000000000D+00  0.0000000000000000D+00  0.0000000000000000D+00  0.0000000000000000D+00  0.0000000000000000D+00
  0.0000000000000000D+00  0.0000000000000000D+00  0.0000000000000000D+00  0.0000000000000000D+00  0.0000000000000000D+00
  0.0000000000000000D+00  0.0000000000000000D+00  0.0000000000000000D+00  0.0000000000000000D+00  0.0000000000000000D+00
  0.0000000000000000D+00  0.0000000000000000D+00  0.0000000000000000D+00  0.0000000000000000D+00  0.0000000000000000D+00
  0.0000000000000000D+00  0.0000000000000000D+00  0.0000000000000000D+00  0.0000000000000000D+00  0.0000000000000000D+00
  0.0000000000000000D+00  0.0000000000000000D+00  0.0000000000000000D+00  0.0000000000000000D+00  0.0000000000000000D+00
  0.0000000000000000D+00  0.0000000000000000D+00  0.0000000000000000D+00  0.0000000000000000D+00  0.0000000000000000D+00
  0.0000000000000000D+00  0.0000000000000000D+00  0.0000000000000000D+00  0.0000000000000000D+00  0.0000000000000000D+00
  0.0000000000000000D+00  0.0000000000000000D+00  0.0000000000000000D+00  0.0000000000000000D+00  0.0000000000000000D+00
  0.0000000000000000D+00  0.0000000000000000D+00  0.0000000000000000D+00  0.0000000000000000D+00  0.0000000000000000D+00
  0.0000000000000000D+00  0.0000000000000000D+00  0.0000000000000000D+00  0.0000000000000000D+00  0.0000000000000000D+00


