Potential generated by PoCo (FE) on 95/04/04 at 12.34.19                        
Traj. : Al, bulk cr|Al, bulk cr|Al cluster,|Al cluster,|Al, (100) s|Al, compress
Aluminum   (Z= 13)                                                              
    1
  500   .2404809619238477D-02  500   .1215042777880593D-01   .6063063461624161D+01
   13     26.982         4.0320         FCC
   .0000000000000000D+00  -.4384321780122545D-01  -.8669753603127016D-01  -.1285747353069950D+00  -.1694865962452609D+00
  -.2094448994629286D+00  -.2484614255768593D+00  -.2865479552039137D+00  -.3237162689609527D+00  -.3599781474648374D+00
  -.3953453713324283D+00  -.4298297211805867D+00  -.4634429776261732D+00  -.4961969212860490D+00  -.5281033327770746D+00
  -.5591739927161112D+00  -.5894206817200197D+00  -.6188551804056609D+00  -.6474892693898959D+00  -.6753347292895852D+00
  -.7024033407215899D+00  -.7287068843027712D+00  -.7542571406499896D+00  -.7790658903801060D+00  -.8031449141099816D+00
  -.8265059889327004D+00  -.8491608332691879D+00  -.8711212958027533D+00  -.8923991571502577D+00  -.9130061979285623D+00
  -.9329541987545275D+00  -.9522549402450144D+00  -.9709202030168840D+00  -.9889617676869972D+00  -.1006391414872215D+01
  -.1023220925189398D+01  -.1039462079255407D+01  -.1055126657687103D+01  -.1070226441101348D+01  -.1084773210115001D+01
  -.1098778745344924D+01  -.1112254827407978D+01  -.1125213288734398D+01  -.1137667773956265D+01  -.1149634180581931D+01
  -.1161128547718705D+01  -.1172166914473897D+01  -.1182765319954819D+01  -.1192939803268779D+01  -.1202706403523087D+01
  -.1212081156074491D+01  -.1221080071783066D+01  -.1229719224948961D+01  -.1238014654679485D+01  -.1245982400081949D+01
  -.1253638500263663D+01  -.1260998994331936D+01  -.1268079921394079D+01  -.1274897320557401D+01  -.1281467230929212D+01
  -.1287805691616822D+01  -.1293928741727542D+01  -.1299852420368681D+01  -.1305592766647549D+01  -.1311165819671456D+01
  -.1316587618547712D+01  -.1321874202383627D+01  -.1327041610286511D+01  -.1332105881363674D+01  -.1337083054722426D+01
  -.1341989169470077D+01  -.1346840264713936D+01  -.1351652379561314D+01  -.1356441553119521D+01  -.1361223824495866D+01
  -.1366015233174499D+01  -.1370831821858459D+01  -.1375689628877529D+01  -.1380604693339019D+01  -.1385593054350238D+01
  -.1390670751018497D+01  -.1395853822451105D+01  -.1401158307755373D+01  -.1406600246038610D+01  -.1412193617555581D+01
  -.1417938758481283D+01  -.1423830432838514D+01  -.1429863387282338D+01  -.1436032368467821D+01  -.1442332123050027D+01
  -.1448757397684020D+01  -.1455302939024866D+01  -.1461963493727629D+01  -.1468733808447374D+01  -.1475608629839165D+01
  -.1482582704558067D+01  -.1489650779259146D+01  -.1496807600597464D+01  -.1504047915228089D+01  -.1511366469806082D+01
  -.1518758012338504D+01  -.1526217292908505D+01  -.1533739052344587D+01  -.1541318037301814D+01  -.1548948994435253D+01
  -.1556626670399966D+01  -.1564345811851019D+01  -.1572101165443476D+01  -.1579887477832402D+01  -.1587699495672863D+01
  -.1595531965619922D+01  -.1603379634328644D+01  -.1611237248454094D+01  -.1619099554651336D+01  -.1626961299575436D+01
  -.1634817229881458D+01  -.1642662092224467D+01  -.1650490633259527D+01  -.1658297599641703D+01  -.1666077738026060D+01
  -.1673825795067662D+01  -.1681536517421575D+01  -.1689204651742862D+01  -.1696824944686590D+01  -.1704392142907821D+01
  -.1711901009368472D+01  -.1719348467615616D+01  -.1726735648763151D+01  -.1734064161882677D+01  -.1741335616045794D+01
  -.1748551620324100D+01  -.1755713783789196D+01  -.1762823715512680D+01  -.1769883024566153D+01  -.1776893320021214D+01
  -.1783856210949463D+01  -.1790773306422498D+01  -.1797646215511919D+01  -.1804476547289327D+01  -.1811265910826320D+01
  -.1818015915194497D+01  -.1824728169465459D+01  -.1831404282710805D+01  -.1838045864002134D+01  -.1844654522411046D+01
  -.1851231867009140D+01  -.1857779506868016D+01  -.1864299051059273D+01  -.1870792108654511D+01  -.1877260288725330D+01
  -.1883705199694819D+01  -.1890128449978248D+01  -.1896531650272587D+01  -.1902916409649437D+01  -.1909284337180397D+01
  -.1915637041937066D+01  -.1921976132991045D+01  -.1928303219413931D+01  -.1934619910277326D+01  -.1940927814652828D+01
  -.1947228541612037D+01  -.1953523700226552D+01  -.1959814899567974D+01  -.1966103748707901D+01  -.1972391856717932D+01
  -.1978680832669668D+01  -.1984972285634708D+01  -.1991267657981283D+01  -.1997566461978013D+01  -.2003866963983124D+01
  -.2010167409269375D+01  -.2016466043109524D+01  -.2022761110776331D+01  -.2029050857542553D+01  -.2035333528680950D+01
  -.2041607369094578D+01  -.2047870623503366D+01  -.2054121537753056D+01  -.2060358357116409D+01  -.2066579326866183D+01
  -.2072782692275136D+01  -.2078966698616028D+01  -.2085129591161618D+01  -.2091269615184662D+01  -.2097385015957921D+01
  -.2103474038754154D+01  -.2109534928846118D+01  -.2115565931506574D+01  -.2121565292008278D+01  -.2127531255623991D+01
  -.2133462067626471D+01  -.2139355973288476D+01  -.2145211217882766D+01  -.2151026046682098D+01  -.2156798704959233D+01
  -.2162527437986927D+01  -.2168210491037941D+01  -.2173846109385033D+01  -.2179432538300962D+01  -.2184968023058485D+01
  -.2190450806756615D+01  -.2195879133336553D+01  -.2201251251226814D+01  -.2206565405700159D+01  -.2211819842029345D+01
  -.2217012805487132D+01  -.2222142541346278D+01  -.2227207294879542D+01  -.2232205311818844D+01  -.2237135640502816D+01
  -.2241999829252331D+01  -.2246799913906883D+01  -.2251537930305970D+01  -.2256215914289088D+01  -.2260835901695731D+01
  -.2265399928365398D+01  -.2269910030137584D+01  -.2274368242851786D+01  -.2278776602347499D+01  -.2283137144464221D+01
  -.2287451905041446D+01  -.2291722919918672D+01  -.2295952224935394D+01  -.2300141855931109D+01  -.2304293848745313D+01
  -.2308410237709952D+01  -.2312493058623532D+01  -.2316544349279634D+01  -.2320566145517757D+01  -.2324560483177395D+01
  -.2328529398098046D+01  -.2332474926119205D+01  -.2336399103080368D+01  -.2340303964821033D+01  -.2344191547180694D+01
  -.2348063885998849D+01  -.2351923017114994D+01  -.2355770976368623D+01  -.2359609799599236D+01  -.2363441522646326D+01
  -.2367268181349391D+01  -.2371091811547926D+01  -.2374914449081429D+01  -.2378738129789395D+01  -.2382564889511320D+01
  -.2386396764086701D+01  -.2390235789355033D+01  -.2394084001155814D+01  -.2397943435328539D+01  -.2401816127712705D+01
  -.2405704027880605D+01  -.2409607081789212D+01  -.2413523231793629D+01  -.2417450333984448D+01  -.2421386244452260D+01
  -.2425328819287659D+01  -.2429275914581237D+01  -.2433225386423586D+01  -.2437175090905298D+01  -.2441122884116966D+01
  -.2445066622149183D+01  -.2449004161092539D+01  -.2452933357037629D+01  -.2456852066075043D+01  -.2460758144295375D+01
  -.2464649447789216D+01  -.2468523832647160D+01  -.2472379154959798D+01  -.2476213270817723D+01  -.2480024036311527D+01
  -.2483809307531802D+01  -.2487566940569141D+01  -.2491294791514135D+01  -.2494990716457379D+01  -.2498652571489463D+01
  -.2502278210595633D+01  -.2505865489918290D+01  -.2509412267174489D+01  -.2512916398454827D+01  -.2516375739849893D+01
  -.2519788147450280D+01  -.2523151477346580D+01  -.2526463585629386D+01  -.2529722328389290D+01  -.2532925561716885D+01
  -.2536071141702762D+01  -.2539156924437514D+01  -.2542180766011734D+01  -.2545140522516014D+01  -.2548034050040945D+01
  -.2550859204677120D+01  -.2553613842515133D+01  -.2556296296395349D+01  -.2558907343918005D+01  -.2561448547561183D+01
  -.2563921470251985D+01  -.2566327674917515D+01  -.2568668724484876D+01  -.2570946181881168D+01  -.2573161610033495D+01
  -.2575316568341707D+01  -.2577412621157730D+01  -.2579451333822435D+01  -.2581434269262924D+01  -.2583362990406300D+01
  -.2585239060179666D+01  -.2587064041510123D+01  -.2588839497324775D+01  -.2590566990550724D+01  -.2592248084115071D+01
  -.2593884340944920D+01  -.2595477323967373D+01  -.2597028596109532D+01  -.2598539720298501D+01  -.2600012259461380D+01
  -.2601447776525274D+01  -.2602847834417284D+01  -.2604213996064512D+01  -.2605547824394062D+01  -.2606850882333034D+01
  -.2608124732808534D+01  -.2609370938747661D+01  -.2610591063077519D+01  -.2611786668725211D+01  -.2612959318617838D+01
  -.2614110574396011D+01  -.2615241999837454D+01  -.2616355158616481D+01  -.2617451613660192D+01  -.2618532927895693D+01
  -.2619600664250083D+01  -.2620656385650466D+01  -.2621701655023945D+01  -.2622738024659196D+01  -.2623766418235432D+01
  -.2624786785622758D+01  -.2625798992583053D+01  -.2626802904878195D+01  -.2627798388270063D+01  -.2628785308520535D+01
  -.2629763531391489D+01  -.2630732922644803D+01  -.2631693348042357D+01  -.2632644673346029D+01  -.2633586764317696D+01
  -.2634519486719237D+01  -.2635442706312531D+01  -.2636356288859456D+01  -.2637260100121891D+01  -.2638154005861713D+01
  -.2639037871130055D+01  -.2639911562072207D+01  -.2640774944750641D+01  -.2641627884927235D+01  -.2642470248363868D+01
  -.2643301900822419D+01  -.2644122708064765D+01  -.2644932535852786D+01  -.2645731249948359D+01  -.2646518716113363D+01
  -.2647294800109677D+01  -.2648059367699178D+01  -.2648812284643745D+01  -.2649553416705257D+01  -.2650282629645591D+01
  -.2650999789226626D+01  -.2651704761210241D+01  -.2652397411358314D+01  -.2653077605432723D+01  -.2653745209195347D+01
  -.2654400088408063D+01  -.2655042108832752D+01  -.2655671136231290D+01  -.2656287036365557D+01  -.2656889674997430D+01
  -.2657478923557822D+01  -.2658054713278083D+01  -.2658617004997777D+01  -.2659165759469337D+01  -.2659700937445197D+01
  -.2660222499677790D+01  -.2660730406919550D+01  -.2661224619922908D+01  -.2661705099440299D+01  -.2662171806224155D+01
  -.2662624701026911D+01  -.2663063744600999D+01  -.2663488897698853D+01  -.2663900121072904D+01  -.2664297375475588D+01
  -.2664680621659337D+01  -.2665049820376583D+01  -.2665404932379762D+01  -.2665745918421305D+01  -.2666072739253647D+01
  -.2666385355629219D+01  -.2666683728300455D+01  -.2666967818019789D+01  -.2667237585539654D+01  -.2667492991612483D+01
  -.2667733995837824D+01  -.2667960559825738D+01  -.2668172644616098D+01  -.2668370210961336D+01  -.2668553219613885D+01
  -.2668721631326180D+01  -.2668875406850654D+01  -.2669014506939738D+01  -.2669138892345868D+01  -.2669248523821475D+01
  -.2669343362118993D+01  -.2669423367990857D+01  -.2669488502189497D+01  -.2669538725467348D+01  -.2669573998576843D+01
  -.2669594282270415D+01  -.2669599537492479D+01  -.2669589786781329D+01  -.2669565203495234D+01  -.2669525983750760D+01
  -.2669472323664477D+01  -.2669404419352952D+01  -.2669322466932756D+01  -.2669226662520455D+01  -.2669117202232619D+01
  -.2668994281060629D+01  -.2668858096083816D+01  -.2668708843620239D+01  -.2668546719786467D+01  -.2668371920699069D+01
  -.2668184642474612D+01  -.2667985081229666D+01  -.2667773433080799D+01  -.2667549894144579D+01  -.2667314660537575D+01
  -.2667067928376354D+01  -.2666809893777486D+01  -.2666540752857539D+01  -.2666260701733082D+01  -.2665969936520682D+01
  -.2665668653336909D+01  -.2665357048298330D+01  -.2665035317521514D+01  -.2664703657123029D+01  -.2664362263219445D+01
  -.2664011331927329D+01  -.2663651059363250D+01  -.2663281641643775D+01  -.2662903274885475D+01  -.2662516155204917D+01
  -.2662120477967679D+01  -.2661716439994991D+01  -.2661304237488817D+01  -.2660884066565725D+01  -.2660456123342286D+01
  -.2660020603935065D+01  -.2659577704460633D+01  -.2659127621035557D+01  -.2658670548211190D+01  -.2658206655635865D+01
  -.2657736092926062D+01  -.2657259009125525D+01  -.2656775553277992D+01  -.2656285874427207D+01  -.2655790121616910D+01
  -.2655288443890842D+01  -.2654780990292746D+01  -.2654267909866363D+01  -.2653749351655433D+01  -.2653225464703699D+01
  -.2652696398054901D+01  -.2652162300752781D+01  -.2651623321841081D+01  -.2651079610363543D+01  -.2650531315363906D+01
  -.2649978585479583D+01  -.2649421570168208D+01  -.2648860418495649D+01  -.2648295279505648D+01  -.2647726302241946D+01
  -.2647153635748285D+01  -.2646577429068406D+01  -.2645997831246050D+01  -.2645414991324958D+01  -.2644829058348873D+01
  -.2644240181361535D+01  -.2643648509406687D+01  -.2643054191528068D+01  -.2642457376769421D+01  -.2641858214174488D+01
  -.2641256852787008D+01  -.2640653441650724D+01  -.2640048129809378D+01  -.2639441066306710D+01  -.2638832400186462D+01
  -.2638222280492376D+01  -.2637610856268192D+01  -.2636998276557653D+01  -.2636384690404499D+01  -.2635770246852471D+01
  -.6048987826763219D-01  -.5963082885671099D-01  -.5877177944586726D-01  -.5791273003505975D-01  -.5705368062421601D-01
  -.5619463121340851D-01  -.5533558180256477D-01  -.5447653239164357D-01  -.5361748298079985D-01  -.5275843356999233D-01
  -.5189938415914860D-01  -.5104033474834109D-01  -.5018128533749736D-01  -.4932223592657616D-01  -.4846318651573243D-01
  -.4760413710492491D-01  -.4674508769408118D-01  -.4588603828327367D-01  -.4502698887231625D-01  -.4416793946150874D-01
  -.4330889005066501D-01  -.4244984063985750D-01  -.4159079122901377D-01  -.4073174181809257D-01  -.3987269240724883D-01
  -.3901364299644133D-01  -.3815459358559759D-01  -.3729554417479008D-01  -.3643649476394635D-01  -.3557744535302515D-01
  -.3471839594218142D-01  -.3385934653141264D-01  -.3300029712053017D-01  -.3214124770964771D-01  -.3128219829887893D-01
  -.3042314888799647D-01  -.2956409947711400D-01  -.2870505006634522D-01  -.2784600065546276D-01  -.2698695124458029D-01
  -.2612790183369782D-01  -.2526885242285409D-01  -.2440980301204658D-01  -.2355075360123907D-01  -.2269170419039534D-01
  -.2183265477955161D-01  -.2097360536863041D-01  -.2011455595782290D-01  -.1925550654697917D-01  -.1839645713613543D-01
  -.1753740772532792D-01  -.1667835831440672D-01  -.1581930890356299D-01  -.1496025949271926D-01  -.1410121008191175D-01
  -.1324216067106801D-01  -.1238311126018555D-01  -.1152406184937804D-01  -.1066501243849557D-01  -.9805963027613109D-02
  -.8946913616769376D-02  -.8087864205961864D-02  -.7228814795079399D-02  -.6369765384310621D-02  -.5510715973410045D-02
  -.4651666562602534D-02  -.3792617151720069D-02  -.2933567740894447D-02  -.2074518330050715D-02  -.1215468919186360D-02
  -.3564195083607383D-03   .5026299024648835D-03   .1361679313308616D-02   .2220728724172971D-02   .3079778134998592D-02
   .3938827545899169D-02   .4797876956724790D-02   .5656926367589145D-02   .6515975778432877D-02   .7375025189258499D-02
   .8234074600084120D-02   .9093124010948474D-02   .9952173421792207D-02   .1081122283265656D-01   .1167027224350030D-01
   .1252932165436465D-01   .1338837106520838D-01   .1424742047603400D-01   .1510646988685962D-01   .1596551929774209D-01
   .1682456870856771D-01   .1768361811939333D-01   .1854266753027580D-01   .1940171694110142D-01   .2026076635192704D-01
   .2111981576280951D-01   .2197886517363513D-01   .2283791458451759D-01   .2369696399534322D-01   .2455601340616884D-01
   .2541506281701383D-01   .2627411222787692D-01   .2713316163872191D-01   .2799221104958501D-01   .2885126046043000D-01
   .2971030987129310D-01   .3056935928213809D-01   .3142840869294435D-01   .3228745810380744D-01   .3314650751465243D-01
   .3400555692551553D-01   .3486460633636052D-01   .3572365574716677D-01   .3658270515801176D-01   .3744175456887486D-01
   .3830080397971985D-01   .3915985339058294D-01   .4001890280142793D-01   .4087795221226261D-01   .4173700162310760D-01
   .4259605103397070D-01   .4345510044481569D-01   .4431414985565036D-01   .4517319926649535D-01   .4603224867735845D-01
   .4689129808820344D-01   .4775034749903811D-01   .4860939690988311D-01   .4946844632071778D-01   .5032749573158088D-01
   .5118654514242587D-01   .5204559455326054D-01   .5290464396410553D-01   .5376369337496863D-01   .5462274278582330D-01
   .5548179219664830D-01   .5634084160750297D-01   .5719989101835638D-01   .5805894042918263D-01   .5891798984004573D-01
   .5977703925089072D-01   .6063608866173961D-01   .6149513807258460D-01   .6235418748343349D-01   .6321323689427848D-01
   .6407228630512736D-01   .6493133571597234D-01   .6579038512680703D-01   .6664943453766622D-01   .6750848394850090D-01
   .6836753335935916D-01   .6922658277019478D-01   .7008563218103882D-01   .7094468159188866D-01   .7180373100273754D-01
   .7266278041358737D-01   .7352182982443142D-01   .7438087923527414D-01   .7523992864612529D-01   .7609897805696803D-01
   .7695802746781803D-01   .7781707687866189D-01   .7867612628950836D-01   .7953517570035464D-01   .8039422511120167D-01
   .8125327452204824D-01   .8211232393289487D-01   .8296198818429754D-01   .8377114009809535D-01   .8453783834655880D-01
   .8526267922932876D-01   .8594625904604614D-01   .8658917409635176D-01   .8719202067988657D-01   .8775539509629143D-01
   .8827989319949904D-01   .8876611093384129D-01   .8921464543957118D-01   .8962609301632957D-01   .9000104996375732D-01
   .9034011258149532D-01   .9064387716918448D-01   .9091294002646567D-01   .9114789741582169D-01   .9134934461692472D-01
   .9151787902613735D-01   .9165409694310046D-01   .9175859466745492D-01   .9183195726594458D-01   .9187470423251881D-01
   .9188733132237664D-01   .9187033425754267D-01   .9182420807738671D-01   .9174944894495476D-01   .9164655285682148D-01
   .9151601553501146D-01   .9135833270154937D-01   .9117400007845987D-01   .9096351338776759D-01   .9072736835149720D-01
   .9046606036343273D-01   .9018008500452010D-01   .8986993849901977D-01   .8953611656895638D-01   .8917911493635458D-01
   .8879942932323902D-01   .8839755545163437D-01   .8797402422979629D-01   .8752967612458371D-01   .8706551204632032D-01
   .8658253543063132D-01   .8608174907835651D-01   .8556415579033570D-01   .8503075836740867D-01   .8448255961041530D-01
   .8392056232019539D-01   .8334576929758875D-01   .8275918306819958D-01   .8216180668315455D-01   .8155464303482929D-01
   .8093869492406360D-01   .8031496515169732D-01   .7968445651857030D-01   .7904817182552232D-01   .7840711387339318D-01
   .7776228542157780D-01   .7711464787026458D-01   .7646458565459020D-01   .7581205994384688D-01   .7515702216214382D-01
   .7449942373359014D-01   .7383921608229500D-01   .7317635063236759D-01   .7251077879569735D-01   .7184245192735711D-01
   .7117132152948655D-01   .7049733902619491D-01   .6982045584159134D-01   .6914062339978500D-01   .6845779312488497D-01
   .6777191644100054D-01   .6708294477224085D-01   .6639082945599351D-01   .6569552198069127D-01   .6499697378961576D-01
   .6429514639630560D-01   .6359024442438614D-01   .6288272202818665D-01   .6217304473634792D-01   .6146167807751073D-01
   .6074908756769510D-01   .6003573875872546D-01   .5932209719959121D-01   .5860862841893311D-01   .5789579794539195D-01
   .5718407130760843D-01   .5647391403422337D-01   .5576579165387750D-01   .5506016971329968D-01   .5435751382190640D-01
   .5365828944038618D-01   .5296296209737977D-01   .5227199732152794D-01   .5158586064147150D-01   .5090501424588764D-01
   .5022975563814654D-01   .4956014559927775D-01   .4889622672520656D-01   .4823804130931901D-01   .4758563175699769D-01
   .4693904049886805D-01   .4629830996555562D-01   .4566348258768588D-01   .4503460079588431D-01   .4441170702077635D-01
   .4379484380410061D-01   .4318405355846368D-01   .4257937862421427D-01   .4198086143197789D-01   .4138854441238000D-01
   .4080246999604615D-01   .4022268061360175D-01   .3964921869567235D-01   .3908212573888462D-01   .3852130201237502D-01
   .3796636022521322D-01   .3741687837199107D-01   .3687243444730035D-01   .3633260644573290D-01   .3579697236188050D-01
   .3526511019033502D-01   .3473659792568825D-01   .3421101363897127D-01   .3368793522843161D-01   .3316694068054453D-01
   .3264760798990180D-01   .3212951515109524D-01   .3161224015871669D-01   .3109536100735796D-01   .3057845569161086D-01
   .3006110218870820D-01   .2954287847661087D-01   .2902336259696330D-01   .2850217953623961D-01   .2797909173668345D-01
   .2745388667509164D-01   .2692635182826096D-01   .2639627467298818D-01   .2586344265810203D-01   .2532764320856967D-01
   .2478866386687379D-01   .2424629210981118D-01   .2370031541417855D-01   .2315052125677277D-01   .2259669711439056D-01
   .2203863046382875D-01   .2147610878188404D-01   .2090891938843316D-01   .2033684989790535D-01   .1975968779227329D-01
   .1917722054833370D-01   .1858923564288343D-01   .1799581987433234D-01   .1739834380399984D-01   .1679852228865461D-01
   .1619807021411081D-01   .1559870252592573D-01   .1500213409384200D-01   .1441007978027486D-01   .1382425444763940D-01
   .1324637295835079D-01   .1267815017482420D-01   .1212130095947480D-01   .1157754033885841D-01   .1104858341544343D-01
   .1053614476131980D-01   .1004193923890262D-01   .9567681710607057D-02   .9115087038848309D-02   .8685870086041492D-02
   .8281745714601794D-02   .7904135011956151D-02   .7552596474036764D-02   .7225958512407760D-02   .6923048744491676D-02
   .6642694787711131D-02   .6383724259488760D-02   .6144964777247115D-02   .5925243958408834D-02   .5723389420396535D-02
   .5538229142115763D-02   .5368590468257112D-02   .5213300849644780D-02   .5071187903701374D-02   .4941079247849519D-02
   .4821802499511793D-02   .4712185276110817D-02   .4611055195069195D-02   .4517239952149712D-02   .4429567158615835D-02
   .4346921026786475D-02   .4268732334897583D-02   .4194737229369577D-02   .4124675197724591D-02   .4058285727484776D-02
   .3995308306172288D-02   .3935482427720995D-02   .3878547653779800D-02   .3824243374034065D-02   .3772309076005927D-02
   .3722484247217544D-02   .3674508375191055D-02   .3628120947448610D-02   .3583061451512358D-02   .3539069374904441D-02
   .3495884218789099D-02   .3453245446457738D-02   .3410892538722845D-02   .3368564983106578D-02   .3326016834546992D-02
   .3283227334602943D-02   .3240352919864573D-02   .3197554818495247D-02   .3154994264404928D-02   .3112832495197598D-02
   .3071230734555151D-02   .3030350210640963D-02   .2990352151618409D-02   .2951397785650855D-02   .2913648340901679D-02
   .2877265045534245D-02   .2842409134265499D-02   .2809241884302478D-02   .2777924478917037D-02   .2748618146272553D-02
   .2721484114532396D-02   .2696683611859938D-02   .2674377866418553D-02   .2654721543171742D-02   .2637688896647969D-02
   .2623055703707628D-02   .2610587426640217D-02   .2600049569003836D-02   .2591207650319954D-02   .2583827190110038D-02
   .2577673707895559D-02   .2572512723197983D-02   .2568109755538782D-02   .2564230329090648D-02   .2560639952148257D-02
   .2557104135238893D-02   .2553388397884026D-02   .2549258259605125D-02   .2544479239923657D-02   .2538816858361094D-02
   .2532036634438902D-02   .2523904078880962D-02   .2514186421493887D-02   .2502754904858601D-02   .2489641097036805D-02
   .2474890278768255D-02   .2458547730792709D-02   .2440658733849928D-02   .2421268568679667D-02   .2400422516021689D-02
   .2378165818006599D-02   .2354543789951115D-02   .2329601719633877D-02   .2303384887794640D-02   .2275938575173165D-02
   .2247308062509211D-02   .2217538630542533D-02   .2186675560012893D-02   .2154764113862334D-02   .2121849577360453D-02
   .2087977247521577D-02   .2053192405085459D-02   .2017540330791858D-02   .1981066305380536D-02   .1943815609591243D-02
   .1905833524163745D-02   .1867165325218706D-02   .1827856283244237D-02   .1787951696857528D-02   .1747496846798330D-02
   .1706537013806405D-02   .1665117478621518D-02   .1623283521983418D-02   .1581080424631868D-02   .1538553467306628D-02
   .1495747923760081D-02   .1452709083799339D-02   .1409482229090869D-02   .1366112640374427D-02   .1322645598389779D-02
   .1279126383876675D-02   .1235600277574874D-02   .1192112560224142D-02   .1148708515065602D-02   .1105433424504634D-02
   .1062332568120697D-02   .1019451226653540D-02   .9768346808429348D-03   .9345282114286297D-03   .8925770991503867D-03
   .8510266247479660D-03   .8099220733184235D-03   .7693087351310332D-03   .7292318800454300D-03   .6897367888013631D-03
   .6508687421386023D-03   .6126730207969034D-03   .5751949055160205D-03   .5384796770357161D-03   .5025726160957418D-03
   .4675190318361492D-03   .4333641810226845D-03   .4001533429755151D-03   .3679317984344054D-03   .3367448281391122D-03
   .3066377128293927D-03   .2776557332450078D-03   .2498441701257124D-03   .2232483307776053D-03   .1979134872100824D-03
   .1738849053336121D-03   .1512078658879571D-03   .1299276496128754D-03   .1100895372481240D-03   .9173880953346282D-04
   .7492074720864832D-04   .5968064811301499D-04   .4606381476523835D-04   .3411549203327200D-04   .2388096065687700D-04
   .1540550137581084D-04   .8734394929831232D-05   .3912922058697341D-05   .9863635021677400D-06   .0000000000000000D+00
   .0000000000000000D+00   .2006194401006805D+00   .3991067216956755D+00   .5954618447848521D+00   .7896848093684318D+00
   .9817756154461045D+00   .1171734263018269D+01   .1359560752084438D+01   .1545255082645187D+01   .1728817254699851D+01
   .1910247268249185D+01   .2089545123292832D+01   .2266710819830264D+01   .2441744357862496D+01   .2614645737388424D+01
   .2785414958409240D+01   .2954052020923664D+01   .3120556924933065D+01   .3284929670435986D+01   .3447170257433971D+01
   .3607278685925388D+01   .3765254955911958D+01   .3921099067391871D+01   .4074811020367025D+01   .4226390814835435D+01
   .4375838450799173D+01   .4523153928256078D+01   .4668337247208402D+01   .4811388407653804D+01   .4952307409594711D+01
   .5091094253029936D+01   .5227748937958103D+01   .5362271464381204D+01   .5494661832298574D+01   .5624920041710215D+01
   .5753046092616125D+01   .5879039985016306D+01   .6002901718910758D+01   .6124631294300320D+01   .6244228711183334D+01
   .6361693969560618D+01   .6477027069432173D+01   .6590228010797996D+01   .6701296793658090D+01   .6810233418012456D+01
   .6917037883861092D+01   .7021710191203995D+01   .7124250340041169D+01   .7224658330372616D+01   .7322934162198334D+01
   .7419077835518317D+01   .7513089350332571D+01   .7604968706641100D+01   .7694715904443897D+01   .7782330943740964D+01
   .7867813824532302D+01   .7951164546817910D+01   .8032383110599044D+01   .8111469515873214D+01   .8188423762641653D+01
   .8263245850904365D+01   .8335935780661343D+01   .8406493551912593D+01   .8474919164658113D+01   .8541212618897905D+01
   .8605373914631963D+01   .8667403051860294D+01   .8727300030582896D+01   .8785064850799770D+01   .8840697512510909D+01
   .8894198015716320D+01   .8945566360416002D+01   .8994802546609955D+01   .9041906574298176D+01   .9086878443480670D+01
   .9129718154159091D+01   .9170425706330146D+01   .9209001099995469D+01   .9245444335155067D+01   .9279755411808933D+01
   .9311934329957069D+01   .9341981089599471D+01   .9369895690736149D+01   .9395678133367092D+01   .9419328417492311D+01
   .9440846543111792D+01   .9460232510225554D+01   .9477486318833583D+01   .9492607968935879D+01   .9505597460532448D+01
   .9516454793623284D+01   .9525179968208393D+01   .9531772984287768D+01   .9536233841863472D+01   .9538562540931411D+01
   .9538759081493623D+01   .9536823463550103D+01   .9532755687100854D+01   .9526555752145875D+01   .9518223658685168D+01
   .9507759406718726D+01   .9495162996246560D+01   .9480434427268658D+01   .9463573699785034D+01   .9444580813795673D+01
   .9423455769300586D+01   .9400198566300938D+01   .9374809204794404D+01   .9347287684782140D+01   .9317634006264143D+01
   .9285848169240419D+01   .9251930173710960D+01   .9215880019675780D+01   .9177697707134861D+01   .9137383236088217D+01
   .9094936606537111D+01   .9050357818479020D+01   .9003646871915194D+01   .8954803766845643D+01   .8903828503270358D+01
   .8850721081189347D+01   .8795481500602602D+01   .8738109761510133D+01   .8678605863911928D+01   .8616969807809367D+01
   .8553201593199713D+01   .8487301220084337D+01   .8419268688463223D+01   .8349103998336386D+01   .8276807149703819D+01
   .8202378142565514D+01   .8125816976921488D+01   .8047123652771726D+01   .7966298170116974D+01   .7883340528955755D+01
   .7798250729288817D+01   .7711028771116890D+01   .7621674654438497D+01   .7530188379254366D+01   .7436569945564511D+01
   .7340819353369694D+01   .7242936602668387D+01   .7142921693461342D+01   .7040774625748573D+01   .6936495399530070D+01
   .6830084014806643D+01   .6721540471576685D+01   .6610864769841004D+01   .6498056909599586D+01   .6383116890853268D+01
   .6266044713600403D+01   .6146840377841801D+01   .6025503883577476D+01   .5902035230807837D+01   .5776434419532055D+01
   .5648701449750964D+01   .5518836321463726D+01   .5386839034671183D+01   .5252709589372489D+01   .5116447985568275D+01
   .4978054223258344D+01   .4837528302442676D+01   .4694870223121289D+01   .4550079985294055D+01   .4403157588961214D+01
   .4254103034122638D+01   .4102916320778306D+01   .3950808336826497D+01   .3801832331650156D+01   .3656316952575726D+01
   .3514262746221033D+01   .3375667968221154D+01   .3240528583228450D+01   .3108838264912533D+01   .2980588395960300D+01
   .2855768126410026D+01   .2734364303751464D+01   .2616361327742834D+01   .2501741417026000D+01   .2390484499260116D+01
   .2282568211121581D+01   .2177967898304071D+01   .2076656615518520D+01   .1978605131372868D+01   .1883782052455724D+01
   .1792153416331874D+01   .1703683113667234D+01   .1618332744145006D+01   .1536060231399441D+01   .1456813050187583D+01
   .1380533224551204D+01   .1307160219615292D+01   .1236631030666383D+01   .1168879955767126D+01   .1103838760790307D+01
   .1041436691341662D+01   .9816004381789234D+00   .9242541372118216D+00   .8693193695020852D+00   .8167151612634342D+00
   .7663580196858987D+00   .7181618738590279D+00   .6720380293255667D+00   .6278952927799876D+00   .5856399160687591D+00
   .5451755961903482D+00   .5064056947550771D+00   .4692674550593953D+00   .4337261185942851D+00   .3997466106245935D+00
   .3672925264451302D+00   .3363263027409052D+00   .3068091575177513D+00   .2787010901023203D+00   .2519608811420911D+00
   .2265460926053561D+00   .2024130677812300D+00   .1795169670901808D+00   .1578116680358682D+00   .1372498464507394D+00
   .1177829708465007D+00   .9936129105568067D-01   .8193383823162688D-01   .6544842484850807D-01   .4985175852184007D-01
   .3509965137846342D-01   .2116531155876645D-01   .8023133210300553D-02  -.4353144889157839D-02  -.1599045726437573D-01
  -.2691641174266732D-01  -.3715928945389141D-01  -.4674804483045218D-01  -.5571230265072878D-01  -.6408234906529253D-01
  -.7188917870660431D-01  -.7916443925078018D-01  -.8594045167648300D-01  -.9225021026492071D-01  -.9812738259984710D-01
  -.1036063095675600D+00  -.1087220053569041D+00  -.1135101486094604D+00  -.1180020583247574D+00  -.1222084195665852D+00
  -.1261345862684062D+00  -.1297860637188682D+00  -.1331685085836452D+00  -.1362877289054369D+00  -.1391496841039692D+00
  -.1417604806467205D+00  -.1441263811285710D+00  -.1462538035762479D+00  -.1481493129251200D+00  -.1498196254875824D+00
  -.1512716089530562D+00  -.1525122823879884D+00  -.1535488162358522D+00  -.1543885311553807D+00  -.1550388966867413D+00
  -.1555075428308135D+00  -.1558023379128628D+00  -.1559322999100270D+00  -.1559072240047580D+00  -.1557370913398905D+00
  -.1554320604669486D+00  -.1550024673461457D+00  -.1544588226193308D+00  -.1538118200862558D+00  -.1530723284122384D+00
  -.1522513932010856D+00  -.1513602374652935D+00  -.1504102616260479D+00  -.1494130435132240D+00  -.1483803383653865D+00
  -.1473240788327611D+00  -.1462563756007238D+00  -.1451895163218821D+00  -.1441359658783939D+00  -.1431082559005480D+00
  -.1421145622718667D+00  -.1411571334310411D+00  -.1402378241802295D+00  -.1393585089086418D+00  -.1385210817698472D+00
  -.1377274538576905D+00  -.1369795567265422D+00  -.1362793411185867D+00  -.1356287769638226D+00  -.1350298533800624D+00
  -.1344845786729328D+00  -.1339949803358745D+00  -.1335631070528241D+00  -.1331910229760098D+00  -.1328808129856935D+00
  -.1326345813275277D+00  -.1324544514349792D+00  -.1323425670132196D+00  -.1323027220579836D+00  -.1323436855769396D+00
  -.1324752653441293D+00  -.1327073864046245D+00  -.1330500922531639D+00  -.1335135471188480D+00  -.1341080347275307D+00
  -.1348439583018193D+00  -.1357318405610744D+00  -.1367823237214102D+00  -.1380061711791536D+00  -.1394142671366982D+00
  -.1410176082802539D+00  -.1428273148188992D+00  -.1448546264584664D+00  -.1471109024015408D+00  -.1496076213474612D+00
  -.1523563814923198D+00  -.1553664609487651D+00  -.1586290503158114D+00  -.1621269697338374D+00  -.1658427630975594D+00
  -.1697587299110126D+00  -.1738569250260676D+00  -.1781191586424326D+00  -.1825269963076517D+00  -.1870617589171052D+00
  -.1917045240902153D+00  -.1964361217013287D+00  -.2012371377081234D+00  -.2060879143851414D+00  -.2109685493547621D+00
  -.2158588955872007D+00  -.2207385614005092D+00  -.2255869104605757D+00  -.2303830606972740D+00  -.2351061111699337D+00
  -.2397401094135994D+00  -.2442741005167574D+00  -.2486972353537482D+00  -.2529985491109380D+00  -.2571669612867198D+00
  -.2611912756915120D+00  -.2650601803454740D+00  -.2687622413983499D+00  -.2722859212869853D+00  -.2756195610641419D+00
  -.2787513860946064D+00  -.2816695060551916D+00  -.2843619149347371D+00  -.2868164910341072D+00  -.2890209969661929D+00
  -.2909630731253185D+00  -.2926302538619131D+00  -.2940099931313185D+00  -.2950967285241958D+00  -.2959005292259772D+00
  -.2964336990940388D+00  -.2967087077737419D+00  -.2967381906984332D+00  -.2965349463681945D+00  -.2961119407918750D+00
  -.2954823114434083D+00  -.2946593569163385D+00  -.2936565415921953D+00  -.2924874956404931D+00  -.2911660150187316D+00
  -.2897060614723963D+00  -.2881217623202881D+00  -.2864274086224564D+00  -.2846374629625399D+00  -.2827665502462208D+00
  -.2808294611671676D+00  -.2788387471591464D+00  -.2767943875115482D+00  -.2746921776681087D+00  -.2725278687883044D+00
  -.2702971689057670D+00  -.2679957463368742D+00  -.2656192273843173D+00  -.2631631961698571D+00  -.2606231950563436D+00
  -.2579947246477187D+00  -.2552732437890144D+00  -.2524541695663531D+00  -.2495328760391583D+00  -.2465046961839245D+00
  -.2433649233864903D+00  -.2401088076952621D+00  -.2367315573997373D+00  -.2332283390305030D+00  -.2295948265290314D+00
  -.2258345235124365D+00  -.2219568651396669D+00  -.2179715316465876D+00  -.2138883140782887D+00  -.2097171069319466D+00
  -.2054679109420860D+00  -.2011508330805794D+00  -.1967760865566480D+00  -.1923539908168604D+00  -.1878949715451342D+00
  -.1834095609019664D+00  -.1789083975043645D+00  -.1744022257642900D+00  -.1699018963203445D+00  -.1654183660484764D+00
  -.1609626980619843D+00  -.1565460617115134D+00  -.1521796490646276D+00  -.1478690055933378D+00  -.1436103348021682D+00
  -.1393989311448782D+00  -.1352300391896791D+00  -.1310988522480116D+00  -.1270005123745479D+00  -.1229301103671908D+00
  -.1188826857670724D+00  -.1148532270447024D+00  -.1108366717684133D+00  -.1068279046308557D+00  -.1028217601435320D+00
  -.9881302156117429D-01  -.9479642088174579D-01  -.9076663884644080D-01  -.8671830493968276D-01  -.8264599738912710D-01
  -.7854424277619007D-01  -.7441105929880534D-01  -.7025788804188764D-01  -.6609946587121526D-01  -.6195066736160497D-01
  -.5782650479691100D-01  -.5374212817002458D-01  -.4971282518287527D-01  -.4575402310266709D-01  -.4188128559032937D-01
  -.3811031209173620D-01  -.3445694115182416D-01  -.3093714902456846D-01  -.2756704967298187D-01  -.2436289476911378D-01
  -.2134107369405261D-01  -.1851811518148431D-01  -.1591068896471198D-01  -.1353559202411911D-01  -.1140785503943202D-01
  -.9524306317483768D-02  -.7871513106027720D-02  -.6435796349628690D-02  -.5203340179059111D-02  -.4160191911298353D-02
  -.3292266976245702D-02  -.2585333734035123D-02  -.2025028456270528D-02  -.1596851197946176D-02  -.1286165200263518D-02
  -.1078196890630961D-02  -.9580358826640910D-03  -.9106349761855902D-03  -.9208109750800630D-03  -.9732419974810468D-03
  -.1052469595880536D-02  -.1142899308116154D-02  -.1229010327154130D-02  -.1302245545262972D-02  -.1362628107230214D-02
  -.1410706433005734D-02  -.1447034291584024D-02  -.1472170851819985D-02  -.1486681172812453D-02  -.1491135472291357D-02
  -.1486109417363788D-02  -.1472184124514004D-02  -.1449946159603426D-02  -.1419987537870645D-02  -.1382905723931407D-02
  -.1339303451473398D-02  -.1289789295886034D-02  -.1234977080729675D-02  -.1175486068400128D-02  -.1111940970670354D-02
  -.1044971948690478D-02  -.9752146129877999D-03  -.9033100234667706D-03  -.8299046780998573D-03  -.7556505760034821D-03
  -.6812051400125697D-03  -.6072312278116380D-03  -.5343971464623530D-03  -.4633766524035452D-03  -.3948489514512203D-03
  -.3294986987985337D-03  -.2680160496455666D-03  -.2110966462928447D-03  -.1594413984499350D-03  -.1137567590900579D-03
  -.7475463056358551D-04  -.4315236459805292D-04  -.1967276229817071D-04  -.5044074145807678D-05   .0000000000000000D+00
