        2000   0.000000        4.50000        444.444       1    
   0    
   0.133860187274665D+018   0.209156792866662D+016    183621668005027.     
    32680740222916.0         8567050753578.54         2869089284453.54     
    1137793573834.75         510636277233.064         251881705635.153     
    133860187274.665         75560630890.5668         44829507557.0866     
    27732658649.7277         17778029403.6679         11751786136.3217     
    7978693756.76662         5545721689.94993         3935650928.67427     
    2845313224.58237         2091565618.66663         1560759191.54286     
    1180634833.60261         904241795.100272         700461373.204477     
    548291664.029025         433322425.651997         345516323.127784     
    277781656.494811         225041969.780587         183621591.005027     
    150827753.182724         124667157.324478         103649699.438363     
    86651872.5304678         72818807.2054237         61494563.5667853     
    52172458.5172981         44457990.2590998         38042073.0938651     
    32680701.7229162         28180490.6473011         24386854.6678573     
    21175831.4852566         18447421.2000407         16120427.3126498     
    14128783.8234417         12418367.4327098         10944702.9406950     
    9671084.44759622         8567050.75357854         7607302.73877904     
    6770673.10331240         6039434.90727469         5398696.35074660     
    4835881.79379627         4340338.28648143         3903035.26885100     
    3516283.52094665         3173507.24280402         2869089.28445354     
    2598199.43592139         2356684.31723006         2140959.57839899     
    1947922.88944498         1774890.80038257         1619525.59122443     
    1479798.31198156         1353934.88266356         1240386.83327883     
    1137793.57383475         1044964.68433775         960852.194793522     
    884534.415207058         815194.375582784         752114.666924588     
    694655.958235934         642254.840519875         594407.040779144     
    550666.729016155         510636.585233063         473960.099431798     
    440320.570614077         409433.406781442         381044.969935268     
    354926.416076794         330872.925207131         308699.774327278     
    288241.028438136         269346.768540516         251881.705635153     
    235723.794722706         220762.232803777         206896.919878908     
    194037.072948590         182100.071013272         171011.070073359     
    160702.002129219         151110.651181191         142180.653229579     
    133860.341274664         126102.437316701         118864.129355922     
    112105.839392543         105791.685426757         99888.5574587435     
    94366.1944886670         89196.7225166783         84354.5775429159     
    79816.5055675060         75560.6077905670         71567.1183122061     
    67817.7958325222         64295.6002516076         60984.9544695467     
    57871.5287864171         54941.9175022915         52183.9315172359     
    49586.0824313127         47137.8905445784         44829.5383570865     
    42652.0399688855         40596.9022800215         38656.3713905364     
    36823.2247004695         35090.6862098575         33452.5189187340     
    31902.8477271311         30436.3134350777         29047.8109426014     
    27732.6586497277         26486.4521564804         25305.1104628816     
    24184.7681689523         23121.8601747118         22113.0754801780     
    21155.2493853681         20245.4866902977         19381.0461949818     
    18559.3560994342         17778.0294036679         17034.7946076952     
    16327.5727115273         15654.3694151752         15013.3213186488     
    14402.6959219575         13820.8454251103         13266.2375281155     
    12737.4169309810         12233.0361337140         11751.7861363217     
    11292.4965388104         10854.0046411864         10435.2555434555     
    10035.2251456231         9652.98174769431         9287.60904967412     
    8938.27545156702         8604.17245337740         8284.55315510929     
    7978.68605676666         7685.92820835300         7405.62433987185     
    7137.16846132651         6880.00309271999         6633.57922405526     
    6397.39558533505         6170.95783656202         5953.81783773862     
    5745.54746886715         5545.72322994992         5353.95935098901     
    5169.88623198643         4993.15275294408         4823.43320386372     
    4660.39879474714         4503.76462559588         4353.23347641155     
    4208.54200719558         4069.42995794937         3935.65169867426     
    3806.97930937149         3683.18333004229         3564.06202068776     
    3449.40979130901         3339.03722190708         3232.76490248293     
    3130.41419303752         3031.82801357172         2936.84389408641     
    2845.31245458238         2757.09355506040         2672.04705552124     
    2590.04667596556         2510.96767639406         2434.69224680737     
    2361.10411720611         2290.09933759086         2221.57164796218     
    2155.42633832060         2091.56638866663         2029.90324900076     
    1970.35144932345         1912.82628963515         1857.25153993629     
    1803.55174022727         1751.65528050847         1701.49055078030     
    1652.99518104307         1606.10449129716         1560.75842154287     
    1516.89922178052         1474.47299201041         1433.42121223286     
    1393.69845244810         1355.25466265641         1318.04133285806     
    1282.01611305326         1247.13280324228         1213.35290342532     
    1180.63560360260         1148.94240377434         1118.23634394072     
    1088.48585410193         1059.65243425816         1031.70759440958     
    1004.61822455637         978.355064698681         952.889624836668     
    928.193414970487         904.242565100267         881.007815226167     
    858.467605348304         836.596525466815         815.373785581812     
    794.775515693426         774.782465801761         755.373614906929     
    736.529097009040         718.231356108189         700.461142204478     
    683.202978297993         666.437383388840         650.150728477091     
    634.325996562839         618.949481646158         604.005475727133     
    589.481042805836         575.362014882341         561.636764956713     
    548.291741029024         535.314854099341         522.695247167721     
    510.421293234229         498.481750298925         486.867070361860     
    475.567012423091         464.571643482670         453.871723540649     
    443.458628597073         433.322887651995         423.456107705459     
    413.850665757507         404.498476808183         395.391994857527     
    386.523750905581         377.886814952381         369.473948997967     
    361.279224042371         353.294940085635         345.516477127783     
    337.937367168851         330.550449208878         323.352181247883     
    316.335556285903         309.496262322962         302.828755359091     
    296.328184394315         289.989698428661         283.809216462150     
    277.781733494811         271.902860526666         266.168670557737     
    260.575313588046         255.118323617615         249.794312646464     
    244.599584674612         239.530289702080         234.583116728887     
    229.754831755050         225.042123780586         220.441758805513     
    215.950656829849         211.565968853608         207.284922876805     
    203.104515899457         199.022129921578         195.035146943182     
    191.141102964282         187.337456984892         183.621745005026     
    179.991734024696         176.445345043913         172.980037062690     
    169.593885081038         166.284887098968         163.050810116492     
    159.889960133620         156.800489150360         153.780318166725     
    150.827907182723         147.941254198365         145.118896213658     
    142.359216228612         139.660520243235         137.021422257535     
    134.440151271522         131.915475285202         129.446085298583     
    127.030364311673         124.667003324479         122.355001337007     
    120.092664349265         117.879068361260         115.712904372998     
    113.593017384484         111.518252395727         109.487608406730     
    107.500084417500         105.554371428043         103.649699438363     
    101.784990448467         99.9592434583604         98.1716884680465     
    96.4212474775314         94.7071504868194         93.0284734959155     
    91.3844465048239         89.7741455135494         88.1969545220956     
    86.6518725304678         85.1383605386689         83.6556485467031     
    82.2028895545751         80.7795445622876         79.3847665698454     
    78.0180165772513         76.6787478845082         75.3661365916207     
    74.0796975985914         72.8187610054240         71.5828879121207     
    70.3713468186855         69.1836526251212         68.0192894314304     
    66.8777490376160         65.7585078436807         64.6610114496276     
    63.5848363554589         62.5295436611772         61.4945558667853     
    60.4795341722853         59.4840396776795         58.5075718829706     
    57.5497380881608         56.6101917932518         55.6884632982463     
    54.7841830031462         53.8970121079534         53.0265656126700     
    52.1724431172982         51.3343520218395         50.5119458262958     
    49.7048318306692         48.9127482349612         48.1353408391737     
    47.3723170433082         46.6233688473664         45.8881805513501     
    45.1664980552606         44.4580287590995         43.7624723628685     
    43.0795670665689         42.4090818702020         41.7507318737693     
    41.1042937772721         40.4694980807118         39.8460906840898     
    39.2338713874072         38.6326245906651         38.0420576938652     
    37.4620012970082         36.8922321000956         36.3325884031281     
    35.7828007061072         35.2426919090338         34.7120772119090     
    34.1907641147338         33.6785293175094         33.1752727202363     
    32.6807479229160         32.1947778255492         31.7172315281369     
    31.2479396306798         30.7867250331789         30.3334337356351     
    29.8878809380494         29.4499973404221         29.0195442427546     
    28.5964215450473         28.1804752473012         27.7715821495168     
    27.3695882516950         26.9743626538366         26.5857744559422     
    26.2037235580124         25.8280482600480         25.4586484620497     
    25.0953855640180         24.7381671659537         24.3868392678574     
    24.0413479697295         23.7015469715707         23.3673361733817     
    23.0386000751630         22.7152616769150         22.3972054786384     
    22.0843159803338         21.7765469820015         21.4737290836424     
    21.1758468852565         20.8827540868446         20.5943813884072     
    20.3106517899446         20.0314882914573         19.7567753929459     
    19.4864514944106         19.2204164958522         18.9586318972707     
    18.7009821986668         18.4474135000408         18.1978411013931     
    17.9522111027241         17.7104465040341         17.4724395053238     
    17.2381747065932         17.0075751078427         16.7805791090727     
    16.5570789102837         16.3370514114760         16.1204196126498     
    15.9071527138054         15.6971660149433         15.4903902160637     
    15.2867945171669         15.0863250182532         14.8888970193230     
    14.6944874203764         14.5030269214138         14.3144847224355     
    14.1287838234417         13.9458780244328         13.7657519254088     
    13.5883208263703         13.4135462273173         13.2414050282501     
    13.0718279291689         12.9047687300742         12.7402120309658     
    12.5780808318444         12.4183674327098         12.2610102335624     
    12.1059707344025         11.9532181352302         11.8027062360458     
    11.6544042368494         11.5082659376413         11.3642605384216     
    11.2223572391905         11.0825252399482         10.9447029406950     
    10.8088980414309         10.6750412421562         10.5431094428711     
    10.4130872435756         10.2849284442700         10.1586022449546     
    10.0340855456293         9.91133984629437         9.79035744694993     
    9.67108444759622         9.55350544823334         9.43758964886144     
    9.32331394948065         9.21063985009119         9.09955965069309     
    8.99003485128656         8.88204235187173         8.77557445244864     
    8.67057725301757         8.56705075357854         8.46496415413171     
    8.36429435467720         8.26501825521514         8.16711275574565     
    8.07055475626886         7.97532885678485         7.88141195729375     
    7.78878095779568         7.69741737829074         7.60730196877904     
    7.51841393926069         7.43073634973578         7.34425303020440     
    7.25893626066670         7.17477449112274         7.09175309157260     
    7.00984665201642         6.92904131245427         6.84931859288625     
    6.77066925331242         6.69306557373293         6.61650447414778     
    6.54095977455713         6.46641992496103         6.39287029535957     
    6.32028855575286         6.24867162614092         6.17800487652384     
    6.10825750690177         6.03943490727469         5.97151474764273     
    5.90447931800596         5.83832707836442         5.77303415871821     
    5.70859208906740         5.64498623941205         5.58220351975225     
    5.52023931008801         5.45907513041943         5.39869943074658     
    5.33909835106954         5.28027112138830         5.22218771170303     
    5.16485582201369         5.10825235232040         5.05238038262315     
    4.99721527292207         4.94274624321721         4.88897483350858     
    4.83588102379627         4.78345942408033         4.73169925436080     
    4.68059204463772         4.63012932491116         4.58030031518117     
    4.53109423544779         4.48250415571108         4.43452006597109     
    4.38713272622786         4.34034059648141         4.29412442673184     
    4.24848344697915         4.20340764722340         4.15888624746464     
    4.11491539770290         4.07148893793821         4.02859377817065     
    3.98622452840023         3.94437579862699         3.90303526885100     
    3.86220139907226         3.82186648929082         3.78202206950672     
    3.74265966972001         3.70377543993071         3.66536168013886     
    3.62741377034448         3.58992016054764         3.55287854074836     
    3.51628352094665         3.48012355114259         3.44440325133614     
    3.40910260152742         3.37423007171638         3.33977026190311     
    3.30571778208762         3.27207263226993         3.23882865245007     
    3.20597352262810         3.17350801280402         3.14142596297786     
    3.10972121314965         3.07839068331942         3.04742513348721     
    3.01682302365303         2.98658050381690         2.95668910397887     
    2.92714651413895         2.89795119429715         2.86908851445355     
    2.84056617460810         2.81237031476088         2.78450324491188     
    2.75695726506114         2.72972852520868         2.70281317535453     
    2.67620736549869         2.64990416564122         2.62390434578210     
    2.59820097592138         2.57279020605907         2.54766972619519     
    2.52283414632976         2.49828192646280         2.47400767659433     
    2.45000677672438         2.42627922685295         2.40281809698008     
    2.37962030710578         2.35668585723005         2.33400473735295     
    2.31158156747445         2.28940941759460         2.26748289771341     
    2.24580200783089         2.22436289794706         2.20316171806194     
    2.18219615817554         2.16146313828789         2.14095880839899     
    2.12068162850887         2.10062697861753         2.08079562872499     
    2.06118141883127         2.04178049893640         2.02259517904036     
    2.00361929914318         1.98484977924488         1.96628584934548     
    1.94792134944499         1.92976089954339         1.91179525964074     
    1.89402442973703         1.87644763983227         1.85906103992648     
    1.84186001001969         1.82484455011189         1.80801389020309     
    1.79136110029332         1.77489003038257         1.75859298047088     
    1.74247149055824         1.72652402064465         1.71074364073016     
    1.69513343081474         1.67968800089844         1.66440581098124     
    1.64928686106317         1.63432653114423         1.61952636122443     
    1.60488173130378         1.59039033138230         1.57605139146000     
    1.56186414153688         1.54782396161295         1.53393162168823     
    1.52018635176271         1.50658122183643         1.49312008190937     
    1.47979908198155         1.46661668205298         1.45356980212368     
    1.44065767219365         1.42788106226288         1.41523535233140     
    1.40272131239921         1.39033509246632         1.37807592253275     
    1.36594303259850         1.35393642266355         1.34204916272797     
    1.33028587279171         1.31864270285480         1.30711888291724     
    1.29571056297906         1.28441928304024         1.27324196310081     
    1.26217783316076         1.25122612322010         1.24038683327883     
    1.22965534333698         1.21903165339455         1.20851499345154     
    1.19810459350795         1.18779891356379         1.17759564361908     
    1.16749478367381         1.15749479372799         1.14759413378164     
    1.13779280383475         1.12809003388733         1.11848197393939     
    1.10896939399093         1.09955152404197         1.09022682409249     
    1.08099375414252         1.07185231419206         1.06280096424110     
    1.05383893428966         1.04496468433775         1.03617744438536     
    1.02747644443251         1.01886014447920         1.01032777452543     
    1.00187933457121        0.993514054616541        0.985228084661439     
   0.977023734705895        0.968898694749922        0.960852194793522     
   0.952884234836698        0.944992504879460        0.937177774921805     
   0.929437734963745        0.921772385005280        0.914180955046415     
   0.906661905087158        0.899214465127513        0.891838635167479     
   0.884534415207058        0.877298725246266        0.870132335285097     
   0.863033705323562        0.856003605361655        0.849038955399394     
   0.842140525436774        0.835308315473795        0.828540015510470     
   0.821835625546798        0.815195145582780        0.808616265618429     
   0.802098985653743        0.795644075688720        0.789249225723371     
   0.782913665757701        0.776638165791705        0.770420415825397     
   0.764262032858767        0.758159859891832        0.752114743924588     
   0.746126068957038        0.740192371989191        0.734313961021043     
   0.728490528052598        0.722719455083869        0.717002898114845     
   0.711338085145541        0.705726479175948        0.700166155206077     
   0.694656266235933        0.689197659265511        0.683788486294821     
   0.678428824323863        0.673118134352639        0.667856108381152     
   0.662642130409405        0.657475276437402        0.652355161465146     
   0.647282016492635        0.642254455519877        0.637272786546871     
   0.632335700573623        0.627443813600130        0.622594969626404     
   0.617790554652438        0.613029182678238        0.608310699703805     
   0.603634335729144        0.598999859754257        0.594407348779142     
   0.589855185803808        0.585344140828252        0.580872750852481     
   0.576441400876492        0.572049474900290        0.567696741923876     
   0.563381892947257        0.559106313970424        0.554868079993389     
   0.550666652016155        0.546503416038714        0.542375831061080     
   0.538285437083244        0.534230463105217        0.530211217126995     
   0.526227083148584        0.522277753169984        0.518363073191196     
   0.514482966212220        0.510636200233065        0.506823545253724     
   0.503043538274206        0.499296410294510        0.495581776314639     
   0.491899559334591        0.488248989354372        0.484630297373980     
   0.481042482393421        0.477485929412693        0.473960099431798     
   0.470464299450740        0.466998606469519        0.463562866488136     
   0.460155924506597        0.456779243524894        0.453430590543039     
   0.450110581561029        0.446819370578863        0.443556033596545     
   0.440320185614079        0.437112134631462        0.433931033648700     
   0.430777421665788        0.427649835682735        0.424548891699538     
   0.421474512716197        0.418426159732714        0.415402985749096     
   0.412405683765337        0.409433175781444        0.406486231797412     
   0.403563234813251        0.400665185828954        0.397791314844526     
   0.394941544859968        0.392115336875282        0.389313229890466     
   0.386534068905525        0.383777776920460        0.381044815935269     
   0.378334338949956        0.375646345964521        0.372980451978967     
   0.370336733993292        0.367715192007497        0.365114902021587     
   0.362535941035561        0.359978386049420        0.357442160063162     
   0.354926185076796        0.352430923090316        0.349956605103724     
   0.347502076117024        0.345067798130214        0.342653309143297     
   0.340258763156272        0.337883082169145        0.335527498181909     
   0.333190394194573        0.330872694207132        0.328573551219590     
   0.326293196231946        0.324031090244204        0.321787387256362     
   0.319561779268421        0.317354343280382        0.315164386292249     
   0.312992216304019        0.310837294315696        0.308699774327278     
   0.306579271338768        0.304475862350166        0.302389316361472     
   0.300319171372689        0.298265812383816        0.296228777394854     
   0.294207835405804        0.292202986416668        0.290214153427444     
   0.288240951438136        0.286283534448743        0.284341363459267     
   0.282414823469706        0.280503452480063        0.278607096490338     
   0.276725678500533        0.274859044510648        0.273007117520683     
   0.271169666530639        0.269346768540516        0.267538038550317     
   0.265743476560041        0.263963082569689        0.262196471579261     
   0.260443412588760        0.258704367598183        0.256978643607534     
   0.255266471616812        0.253567620626017        0.251881705635153     
   0.250209034644216        0.248549299653210        0.246902346662134     
   0.245268175670989        0.243646478679776        0.242037409688495     
   0.240440737697147        0.238856308705732        0.237284045714252     
   0.235723871722706        0.234175478731096        0.232639097739421     
   0.231114420747682        0.229601447755881        0.228099947764017     
   0.226609843772091        0.225131212780103        0.223663746788055     
   0.222207445795946        0.220762232803777        0.219327953811549     
   0.217904377819262        0.216491812826917        0.215089873834513     
   0.213698483842053        0.212317565849535        0.210946965856962     
   0.209586760864332        0.208236719871648        0.206896996878907     
   0.205567129886113        0.204247272893265        0.202937271900363     
   0.201637126907408        0.200346606914401        0.199065788921341     
   0.197794518928230        0.196532565935068        0.195280083941855     
   0.194036995948590        0.192803147955276        0.191578231961913     
   0.190362478968501        0.189155811975040        0.187957999981530     
   0.186768965987973        0.185588863994367        0.184417386000715     
   0.183254378007017        0.182099994013272        0.180954234019481     
   0.179816636025645        0.178687585031763        0.177566619037837     
   0.176453969043866        0.175349481049851        0.174252924055792     
   0.173164452061690        0.172083834067546        0.171010993073359     
   0.169946083079129        0.168888950084858        0.167839440090545     
   0.166797630096190        0.165762981101796        0.164736109107360     
   0.163716552112885        0.162704464118369        0.161699691123813     
   0.160702002129219        0.159711551134586        0.158728107139915     
   0.157751901145205        0.156782702150457        0.155820356155671     
   0.154864709160849        0.153916146165989        0.152974359171093     
   0.152039194176160        0.151110728181191        0.150188807186186     
   0.149273508191146        0.148364677196071        0.147462314200960     
   0.146566419205815        0.145676761210635        0.144793340215422     
   0.143916233220175        0.143045440224893        0.142180576229580     
   0.141322026234232        0.140469328238852        0.139622713243440     
   0.138782027247995        0.137947270252518        0.137118365257010     
   0.136295312261470        0.135477803265899        0.134666223270297     
   0.133860264274664        0.133059926279001        0.132265209283307     
   0.131475882287584        0.130692099291831        0.129913783296049     
   0.129140934300236        0.128373321304396        0.127611175308526     
   0.126854111312628        0.126102360316701        0.125355922320746     
   0.124614566324763        0.123878292328753        0.123146946332715     
   0.122420836336650        0.121699654340558        0.120983400344439     
   0.120272074348293        0.119565676352121        0.118864052355923     
   0.118167202359699        0.117475203363448        0.116787901367173     
   0.116105219370872        0.115427311374545        0.114753869378194     
   0.114085124381818        0.113420922385417        0.112761109388992     
   0.112105762392543        0.111454958396070        0.110808543399572     
   0.110166517403051        0.109528803406507        0.108895478409939     
   0.108266157413349        0.107641302416734        0.107020528420098     
   0.106404066423438        0.105791762426756        0.105183308430053     
   0.104579166433327        0.103979028436579        0.103382817439809     
   0.102790687443018        0.102202561446205        0.101618131449372     
   0.101037782452516        0.100461206455640        0.998885574587434D-001
   0.993196044618264D-001   0.987545014648885D-001   0.981931714679301D-001
   0.976355374709517D-001   0.970815994739532D-001   0.965313574769348D-001
   0.959846574798971D-001   0.954415764828399D-001   0.949021144857630D-001
   0.943661174886674D-001   0.938337394915521D-001   0.933049034944177D-001
   0.927794554972649D-001   0.922575495000929D-001   0.917390315029025D-001
   0.912238245056942D-001   0.907120825084671D-001   0.902035745112225D-001
   0.896984545139596D-001   0.891967225166783D-001   0.886981475193798D-001
   0.882028835220635D-001   0.877108535247296D-001   0.872219035273790D-001
   0.867362645300105D-001   0.862537055326253D-001   0.857743805352226D-001
   0.852979815378040D-001   0.848248165403679D-001   0.843545775429159D-001
   0.838874955454469D-001   0.834234165479615D-001   0.829623405504599D-001
   0.825041905529424D-001   0.820489665554091D-001   0.815966685578599D-001
   0.811473735602945D-001   0.807007735627145D-001   0.802572535651177D-001
   0.798164285675064D-001   0.793784525698796D-001   0.789433255722374D-001
   0.785109705745801D-001   0.780814645769075D-001   0.776545765792206D-001
   0.772303835815191D-001   0.768089317838028D-001   0.763901364860721D-001
   0.759740438883267D-001   0.755606077905670D-001   0.751497434927933D-001
   0.747415356950052D-001   0.743359073972031D-001   0.739327969993874D-001
   0.735322661015578D-001   0.731341992037147D-001   0.727387811058573D-001
   0.723457500079870D-001   0.719551829101033D-001   0.715671953122057D-001
   0.711815408142954D-001   0.707982733163722D-001   0.704174698184356D-001
   0.700390610204861D-001   0.696630392225236D-001   0.692893582245484D-001
   0.689179410265610D-001   0.685489185285606D-001   0.681822214305475D-001
   0.678178035325222D-001   0.674555801344849D-001   0.670956359364353D-001
   0.667379478383735D-001   0.663825389402993D-001   0.660292629422136D-001
   0.656782507441156D-001   0.653293483460061D-001   0.649825865478851D-001
   0.646380115497522D-001   0.642955694516078D-001   0.639552063534521D-001
   0.636170223552845D-001   0.632808403571062D-001   0.629467604589164D-001
   0.626147595607154D-001   0.622847529625036D-001   0.619567945642807D-001
   0.616308458660468D-001   0.613068914678022D-001   0.609849467695467D-001
   0.606649501712807D-001   0.603469401730038D-001   0.600308166747168D-001
   0.597166874764189D-001   0.594043831781112D-001   0.590940885797925D-001
   0.587856496814638D-001   0.584790587831251D-001   0.581743543847762D-001
   0.578714825864173D-001   0.575704587880485D-001   0.572712598896697D-001
   0.569738704912812D-001   0.566782982928827D-001   0.563845124944746D-001
   0.560924822960570D-001   0.558022230976298D-001   0.555137271991931D-001
   0.552269330007471D-001   0.549418944022916D-001   0.546585960038267D-001
   0.543769531053528D-001   0.540970273068696D-001   0.538187647083774D-001
   0.535421807098761D-001   0.532672522113658D-001   0.529939869128466D-001
   0.527223386143185D-001   0.524523227157816D-001   0.521839007172361D-001
   0.519171111186817D-001   0.516518461201191D-001   0.513882058215477D-001
   0.511261440229677D-001   0.508656684243791D-001   0.506066789257824D-001
   0.503492217271775D-001   0.500933199285641D-001   0.498389735299423D-001
   0.495860670313127D-001   0.493346851326749D-001   0.490847970340289D-001
   0.488363719353750D-001   0.485893867367133D-001   0.483438953380436D-001
   0.480998361393660D-001   0.478572014406808D-001   0.476160066419877D-001
   0.473762055432871D-001   0.471378905445784D-001   0.469008845458627D-001
   0.466653030471392D-001   0.464310690484084D-001   0.461982749496698D-001
   0.459667744509242D-001   0.457366599521711D-001   0.455078852534108D-001
   0.452804657546431D-001   0.450543321558684D-001   0.448295306570865D-001
   0.446060458582975D-001   0.443838392595015D-001   0.441629262606986D-001
   0.439432760618888D-001   0.437249271630719D-001   0.435078410642482D-001
   0.432920485654175D-001   0.430774726665802D-001   0.428641210677363D-001
   0.426519937688857D-001   0.424411138700284D-001   0.422314505711645D-001
   0.420229730722941D-001   0.418157429734170D-001   0.416096293745339D-001
   0.414047246756442D-001   0.412010288767479D-001   0.409984649778456D-001
   0.407971253789365D-001   0.405968868800215D-001   0.403977956811003D-001
   0.401998671821728D-001   0.400030166832395D-001   0.398073673842996D-001
   0.396127883853540D-001   0.394192642864026D-001   0.392269182874449D-001
   0.390356425884813D-001   0.388454602895118D-001   0.386563405905366D-001
   0.384682911915556D-001   0.382813736925684D-001   0.380954417935759D-001
   0.379105878945775D-001   0.377268273955733D-001   0.375440370965637D-001
   0.373622631975487D-001   0.371815749985278D-001   0.370018646995015D-001
   0.368232170004696D-001   0.366455087014325D-001   0.364688322023898D-001
   0.362931644033417D-001   0.361184668042883D-001   0.359447394052297D-001
   0.357720053061657D-001   0.356002337070964D-001   0.354294169080220D-001
   0.352595395089425D-001   0.350906708098575D-001   0.349226799107678D-001
   0.347556669116728D-001   0.345895471125729D-001   0.344243898134679D-001
   0.342601257143579D-001   0.340968164152428D-001   0.339343926161230D-001
   0.337728543169983D-001   0.336122092178687D-001   0.334524881187342D-001
   0.332936294195950D-001   0.331356485204510D-001   0.329785300213024D-001
   0.328222970221490D-001   0.326669264229909D-001   0.325124182238281D-001
   0.323587801246606D-001   0.322059351254888D-001   0.320539833263122D-001
   0.319028246271312D-001   0.317525283279456D-001   0.316030636287555D-001
   0.314543920295611D-001   0.313065443303622D-001   0.311595051311590D-001
   0.310132667319514D-001   0.308678445327394D-001   0.307232154335231D-001
   0.305793640343025D-001   0.304362903350778D-001   0.302940174358487D-001
   0.301525222366154D-001   0.300117816373780D-001   0.298718187381364D-001
   0.297326027388908D-001   0.295941413396411D-001   0.294564576403871D-001
   0.293194977411293D-001   0.291832924418673D-001   0.290478109426014D-001
   0.289130686433315D-001   0.287790655440576D-001   0.286457631447799D-001
   0.285131999454983D-001   0.283813605462126D-001   0.282502218469232D-001
   0.281197684476301D-001   0.279900311483331D-001   0.278610022490323D-001
   0.277326740497276D-001   0.276050234504193D-001   0.274780427511074D-001
   0.273517627517916D-001   0.272261449524723D-001   0.271012124531493D-001
   0.269769344538227D-001   0.268533340544924D-001   0.267303727551587D-001
   0.266080967558213D-001   0.264864598564804D-001   0.263654774571359D-001
   0.262451341577880D-001   0.261254145584367D-001   0.260063417590819D-001
   0.258879157597236D-001   0.257701134603620D-001   0.256529425609969D-001
   0.255363799616285D-001   0.254204333622567D-001   0.253051027628817D-001
   0.251903727635033D-001   0.250762741641216D-001   0.249627607647367D-001
   0.248498325653486D-001   0.247375434659570D-001   0.246258087665625D-001
   0.245146823671646D-001   0.244041334677637D-001   0.242941466683596D-001
   0.241847527689524D-001   0.240759440695420D-001   0.239676897701286D-001
   0.238600206707120D-001   0.237528982712924D-001   0.236463533718698D-001
   0.235403474724442D-001   0.234349036730155D-001   0.233300065735839D-001
   0.232256792741492D-001   0.231218601747118D-001   0.230186108752713D-001
   0.229158697758280D-001   0.228136830763817D-001   0.227120353769325D-001
   0.226109112774804D-001   0.225102953780256D-001   0.224102184785679D-001
   0.223106497791074D-001   0.222116123796441D-001   0.221130677801780D-001
   0.220150390807092D-001   0.219175185812376D-001   0.218205139817633D-001
   0.217240021822862D-001   0.216279754828066D-001   0.215324492833242D-001
   0.214374235838391D-001   0.213428829843514D-001   0.212488120848611D-001
   0.211552647853680D-001   0.210621640858725D-001   0.209695407863744D-001
   0.208774102868736D-001   0.207857340873703D-001   0.206945275878645D-001
   0.206038061883561D-001   0.205135390888453D-001   0.204237185893320D-001
   0.203343754898161D-001   0.202454866902977D-001   0.201570444907770D-001
   0.200690642912537D-001   0.199815075917281D-001   0.198944205922000D-001
   0.198077724926695D-001   0.197215555931367D-001   0.196357852936015D-001
   0.195504307940640D-001   0.194655228945240D-001   0.193810538949817D-001
   0.192970006954372D-001   0.192133709958903D-001   0.191301647963412D-001
   0.190473743967898D-001   0.189650074972361D-001   0.188830563976802D-001
   0.188015210981220D-001   0.187203938985616D-001   0.186396670989990D-001
   0.185593560994342D-001   0.184794531998672D-001   0.183999430002980D-001
   0.183208332007267D-001   0.182421161011532D-001   0.181637840015776D-001
   0.180858600019999D-001   0.180083287024200D-001   0.179311747028381D-001
   0.178544134032540D-001   0.177780217036679D-001   0.177020227040797D-001
   0.176264010044895D-001   0.175511566048972D-001   0.174762895053029D-001
   0.174017766057067D-001   0.173276564061083D-001   0.172538981065080D-001
   0.171805017069057D-001   0.171074749073014D-001   0.170348023076951D-001
   0.169624916080870D-001   0.168905351084769D-001   0.168189482088648D-001
   0.167477078092508D-001   0.166768216096349D-001   0.166062742100172D-001
   0.165360810103975D-001   0.164662343107760D-001   0.163967341111526D-001
   0.163275727115273D-001   0.162587578119002D-001   0.161902663122714D-001
   0.161221213126406D-001   0.160543151130080D-001   0.159868400133736D-001
   0.159196883137375D-001   0.158528677140996D-001   0.157863782144599D-001
   0.157202121148184D-001   0.156543694151752D-001   0.155888424155302D-001
   0.155236465158835D-001   0.154587586162351D-001   0.153941864165850D-001
   0.153299376169331D-001   0.152659968172796D-001   0.152023717176244D-001
   0.151390392179675D-001   0.150760301183090D-001   0.150133213186488D-001
   0.149509205189869D-001   0.148888200193234D-001   0.148270121196583D-001
   0.147655122199915D-001   0.147043126203232D-001   0.146434056206532D-001
   0.145827912209816D-001   0.145224694213085D-001   0.144624325216338D-001
   0.144026882219575D-001   0.143432442222796D-001   0.142840697226003D-001
   0.142251878229193D-001   0.141665908232369D-001   0.141082710235529D-001
   0.140502284238674D-001   0.139924707241803D-001   0.139349902244918D-001
   0.138777792248018D-001   0.138208454251103D-001   0.137641811254174D-001
   0.137077863257229D-001   0.136516687260270D-001   0.135958129263297D-001
   0.135402266266309D-001   0.134849021269307D-001   0.134298471272290D-001
   0.133750462275259D-001   0.133205148278214D-001   0.132662375281155D-001
   0.132122143284082D-001   0.131584529286996D-001   0.131049456289895D-001
   0.130516924292780D-001   0.129986933295652D-001   0.129459406298511D-001
   0.128934343301356D-001   0.128411821304187D-001   0.127891763307005D-001
   0.127374169309810D-001   0.126858962312602D-001   0.126346296315379D-001
   0.125835940318145D-001   0.125328048320897D-001   0.124822543323636D-001
   0.124319425326362D-001   0.123818617329076D-001   0.123320119331777D-001
   0.122824008334465D-001   0.122330361337140D-001   0.121838870339803D-001
   0.121349689342454D-001   0.120862818345092D-001   0.120378257347718D-001
   0.119895929350331D-001   0.119415911352932D-001   0.118938126355521D-001
   0.118462420358099D-001   0.117989101360664D-001   0.117517938363217D-001
   0.117048931365758D-001   0.116582234368287D-001   0.116117539370805D-001
   0.115655077373311D-001   0.115194771375805D-001   0.114736544378288D-001
   0.114280550380759D-001   0.113826558383219D-001   0.113374722385667D-001
   0.112924965388104D-001   0.112477287390530D-001   0.112031688392945D-001
   0.111588168395348D-001   0.111146650397740D-001   0.110707211400121D-001
   0.110269774402492D-001   0.109834339404851D-001   0.109400983407199D-001
   0.108969552409537D-001   0.108540046411864D-001   0.108112619414181D-001
   0.107687117416486D-001   0.107263617418781D-001   0.106841965421066D-001
   0.106422315423340D-001   0.106004513425604D-001   0.105588713427857D-001
   0.105174761430100D-001   0.104762734432332D-001   0.104352478434555D-001
   0.103944224436767D-001   0.103537818438970D-001   0.103133260441162D-001
   0.102730473443344D-001   0.102329611445516D-001   0.101930520447679D-001
   0.101533277449831D-001   0.101137805451974D-001   0.100744104454108D-001
   0.100352251456231D-001   0.999621694583446D-002   0.995738584604487D-002
   0.991872414625436D-002   0.988024724646285D-002   0.984193974667042D-002
   0.980380934687704D-002   0.976584064708278D-002   0.972804904728755D-002
   0.969043454749137D-002   0.965298174769431D-002   0.961569834789634D-002
   0.957858434809744D-002   0.954163204829767D-002   0.950485684849694D-002
   0.946824334869534D-002   0.943179154889285D-002   0.939550144908950D-002
   0.935937304928526D-002   0.932341404948011D-002   0.928760904967412D-002
   0.925197344986722D-002   0.921649185005948D-002   0.918115655025095D-002
   0.914599835044146D-002   0.911099415063113D-002   0.907613625082001D-002
   0.904144005100802D-002   0.900689785119519D-002   0.897250965138152D-002
   0.893827545156702D-002   0.890419525175169D-002   0.887026135193556D-002
   0.883648145211860D-002   0.880284785230085D-002   0.876936055248231D-002
   0.873603495266288D-002   0.870284795284271D-002   0.866981495302170D-002
   0.863692055319995D-002   0.860417245337739D-002   0.857157065355405D-002
   0.853911515372992D-002   0.850679825390503D-002   0.847462765407935D-002
   0.844259565425292D-002   0.841070995442569D-002   0.837896285459772D-002
   0.834735435476899D-002   0.831588445493951D-002   0.828454545510933D-002
   0.825335275527835D-002   0.822229865544662D-002   0.819137545561418D-002
   0.816059085578099D-002   0.812994485594705D-002   0.809942975611240D-002
   0.806904555627704D-002   0.803879225644097D-002   0.800867755660415D-002
   0.797869375676662D-002   0.794877155692875D-002   0.791885705709085D-002
   0.788893485725298D-002   0.785901265741512D-002   0.782909815757722D-002
   0.779918365773931D-002   0.776926915790141D-002   0.773936235806346D-002
   0.770945555822551D-002   0.767955568838753D-002   0.764965427854955D-002
   0.761975363871157D-002   0.758986608887352D-002   0.755998392903544D-002
   0.753010099919736D-002   0.750022268935926D-002   0.747035900952108D-002
   0.744048993968293D-002   0.741063472984470D-002   0.738078414000645D-002
   0.735094741016813D-002   0.732111530032977D-002   0.729128781049140D-002
   0.726146956065297D-002   0.723166055081449D-002   0.720186463097595D-002
   0.717207872113734D-002   0.714229743129872D-002   0.711252923146002D-002
   0.708277027162127D-002   0.705302594178244D-002   0.702329470194355D-002
   0.699356808210462D-002   0.696385532226562D-002   0.693416104242653D-002
   0.690447523258738D-002   0.687480405274816D-002   0.684514596290886D-002
   0.681550712306946D-002   0.678587675323002D-002   0.675626024339050D-002
   0.672666683355086D-002   0.669708266371116D-002   0.666751620387137D-002
   0.663796899403147D-002   0.660843487419151D-002   0.657891538435146D-002
   0.654941822451130D-002   0.651994416467100D-002   0.649047472483069D-002
   0.646103223499022D-002   0.643160437514968D-002   0.640220346530899D-002
   0.637282103546821D-002   0.634345246562734D-002   0.631411161578633D-002
   0.628478847594522D-002   0.625548458610401D-002   0.622620764626265D-002
   0.619694918642119D-002   0.616770920657963D-002   0.613850156673789D-002
   0.610930701689608D-002   0.608014480705410D-002   0.605100569721200D-002
   0.602188044736981D-002   0.599279215752743D-002   0.596372157768495D-002
   0.593468333784230D-002   0.590566357799955D-002   0.587667615815662D-002
   0.584770644831359D-002   0.581876984847039D-002   0.578986481862701D-002
   0.576097826878354D-002   0.573212790893987D-002   0.570329602909610D-002
   0.567450187925212D-002   0.564573390940800D-002   0.561699442956373D-002
   0.558829113971926D-002   0.555961094987467D-002   0.553096310002990D-002
   0.550234682018496D-002   0.547376365033984D-002   0.544520743049458D-002
   0.541669202064909D-002   0.538820048080347D-002   0.535974513095766D-002
   0.533132212111168D-002   0.530293530126549D-002   0.527457697141916D-002
   0.524625483157262D-002   0.521796888172589D-002   0.518972066187896D-002
   0.516150863203183D-002   0.513333279218450D-002   0.510519006233700D-002
   0.507707890248932D-002   0.504901394264139D-002   0.502098055279329D-002
   0.499298874294497D-002   0.496503389309645D-002   0.493711138324775D-002
   0.490923892339878D-002   0.488139418354966D-002   0.485360411370024D-002
   0.482584176385067D-002   0.479812484400086D-002   0.477044565415084D-002
   0.474280958430059D-002   0.471521740445010D-002   0.468766449459940D-002
   0.466015008474849D-002   0.463268033489734D-002   0.460525678504594D-002
   0.457787327519432D-002   0.455053673534244D-002   0.452324331549033D-002
   0.449599378563799D-002   0.446878737578541D-002   0.444162793593258D-002
   0.441451161607951D-002   0.438744765622616D-002   0.436042604637258D-002
   0.433344755651876D-002   0.430652065666467D-002   0.427964072681032D-002
   0.425281238695569D-002   0.422602716710083D-002   0.419928891724572D-002
   0.417260225739032D-002   0.414596718753465D-002   0.411937985767871D-002
   0.409284334782250D-002   0.406635765796602D-002   0.403991970810927D-002
   0.401353488825224D-002   0.398720396839492D-002   0.396092155853733D-002
   0.393469458867945D-002   0.390851612882130D-002   0.388239695896283D-002
   0.385632552910410D-002   0.383031107924506D-002   0.380435052938573D-002
   0.377844387952611D-002   0.375259035966620D-002   0.372679458980598D-002
   0.370105348994546D-002   0.367536937008463D-002   0.364974223022349D-002
   0.362416822036207D-002   0.359865427050032D-002   0.357319884063825D-002
   0.354780347077586D-002   0.352246046091318D-002   0.349718213105015D-002
   0.347195616118684D-002   0.344679333132319D-002   0.342169287145920D-002
   0.339665016159490D-002   0.337166751173027D-002   0.334674261186533D-002
   0.332188778200001D-002   0.329708839213438D-002   0.327235214226842D-002
   0.324768057240210D-002   0.322306983253546D-002   0.319851915266849D-002
   0.317403623280115D-002   0.314961722293347D-002   0.312526135306545D-002
   0.310097170319706D-002   0.307674442332834D-002   0.305258336345926D-002
   0.302848852358982D-002   0.300445913372003D-002   0.298049981384985D-002
   0.295660209397934D-002   0.293277829410844D-002   0.290901763423719D-002
   0.288532242436558D-002   0.286170113449357D-002   0.283814606462121D-002
   0.281466260474846D-002   0.279124613487534D-002   0.276790358500183D-002
   0.274462417512797D-002   0.272141714525372D-002   0.269828711537905D-002
   0.267522253550403D-002   0.265223572562858D-002   0.262931513575278D-002
   0.260646615587659D-002   0.258369725599997D-002   0.256099534612298D-002
   0.253837120624557D-002   0.251581944636777D-002   0.249333929648958D-002
   0.247093999661095D-002   0.244860922673196D-002   0.242636007685252D-002
   0.240418253697269D-002   0.238208199709244D-002   0.236006076721176D-002
   0.233811345733069D-002   0.231624699744917D-002   0.229445445756726D-002
   0.227273968768492D-002   0.225110884780213D-002   0.222955192791894D-002
   0.220807893803529D-002   0.218668063815124D-002   0.216536626826674D-002
   0.214413120838180D-002   0.212297237849645D-002   0.210190209861062D-002
   0.208090650872439D-002   0.205999869883768D-002   0.203916942895055D-002
   0.201842254906297D-002   0.199776267917492D-002   0.197718365928642D-002
   0.195669010939747D-002   0.193627817950808D-002   0.191595017961822D-002
   0.189570995972790D-002   0.187555135983713D-002   0.185548438994586D-002
   0.183549673005417D-002   0.181559685016200D-002   0.179578860026933D-002
   0.177606197037622D-002   0.175642774048261D-002   0.173687667058855D-002
   0.171741415069401D-002   0.169804480079897D-002   0.167876015090346D-002
   0.165956790100746D-002   0.164046343111098D-002   0.162145290121399D-002
   0.160252784131654D-002   0.158369287141860D-002   0.156495492152013D-002
   0.154630398162119D-002   0.152774698172174D-002   0.150928084182180D-002
   0.149090710192136D-002   0.147262961202040D-002   0.145444375211895D-002
   0.143635337221697D-002   0.141835385231450D-002   0.140044981241152D-002
   0.138264433250800D-002   0.136492971260399D-002   0.134731519269943D-002
   0.132979307279438D-002   0.131236643288881D-002   0.129504220298268D-002
   0.127780960307606D-002   0.126067941316888D-002   0.124364316326119D-002
   0.122671009335294D-002   0.120987096344419D-002   0.119313116353489D-002
   0.117649454362504D-002   0.115995417371467D-002   0.114351775380373D-002
   0.112717758389227D-002   0.111093905398026D-002   0.109480524406768D-002
   0.107876922415458D-002   0.106283946424089D-002   0.104700826432668D-002
   0.103128101441190D-002   0.101565925449654D-002   0.100013836458065D-002
   0.984723734664172D-003   0.969410744747147D-003   0.954203244829550D-003
   0.939103544911370D-003   0.924105484992638D-003   0.909216765073314D-003
   0.894431995153427D-003   0.879752715232968D-003   0.865183545311913D-003
   0.850719095390290D-003   0.836365525468066D-003   0.822116675545275D-003
   0.807979475621879D-003   0.793947765697911D-003   0.780025395773351D-003
   0.766216061848178D-003   0.752513295922428D-003   0.738923950996064D-003
   0.725442406069115D-003   0.712071587141566D-003   0.698815806213394D-003
   0.685668133284636D-003   0.672635806355253D-003   0.659713589425273D-003
   0.646904177494682D-003   0.634210573563464D-003   0.621628311631642D-003
   0.609162242699191D-003   0.596808593766131D-003   0.584569674832448D-003
   0.572448026898131D-003   0.560440030963197D-003   0.548550538027622D-003
   0.536774004091434D-003   0.525117359154597D-003   0.513575213217139D-003
   0.502150415279046D-003   0.490845429340303D-003   0.479656944400929D-003
   0.468588964460902D-003   0.457637716520242D-003   0.446805741578937D-003
   0.436095734636970D-003   0.425503306694366D-003   0.415034001751095D-003
   0.404683122807182D-003   0.394453287862614D-003   0.384347345917374D-003
   0.374361061971486D-003   0.364499210024923D-003   0.354757863077708D-003
   0.345139870129824D-003   0.335647002181262D-003   0.326275948232040D-003
   0.317030866282135D-003   0.307908830331564D-003   0.298911611380316D-003
   0.290041596428379D-003   0.281295166475773D-003   0.272676710522473D-003
   0.264182840568498D-003   0.255817637613825D-003   0.247577713658474D-003
   0.239465378702432D-003   0.231482711745687D-003   0.223626478788257D-003
   0.215900683830120D-003   0.208302246871293D-003   0.200833246911764D-003
   0.193495531951524D-003   0.186286406990588D-003   0.179209491028935D-003
   0.172261858066581D-003   0.165445510103516D-003   0.158762295139730D-003
   0.152209672175236D-003   0.145790798210017D-003   0.139503363244086D-003
   0.133349138277434D-003   0.127329586310051D-003   0.121442782341950D-003
   0.115691421373114D-003   0.110073501403555D-003   0.104590639433265D-003
   0.992442214622348D-004   0.940324764904752D-004   0.889580225179717D-004
   0.840189345447346D-004   0.792178305707499D-004   0.745529703960270D-004
   0.700257323205583D-004   0.656374330443367D-004   0.613866095673703D-004
   0.572754178896472D-004   0.533024797111750D-004   0.494691040319465D-004
   0.457763226519562D-004   0.422230729712099D-004   0.388112029896975D-004
   0.355395654074252D-004   0.324093614243865D-004   0.294215227405764D-004
   0.265751869559996D-004   0.238719402706474D-004   0.213109818845242D-004
   0.188932896976247D-004   0.166197338099442D-004   0.144896751214862D-004
   0.125044149322435D-004   0.106634758422188D-004   0.896803595140576D-005
   0.741771487980634D-005   0.601328493741639D-005   0.475536520423256D-005
   0.364379937025569D-005   0.267942904548123D-005   0.186221957990937D-005
   0.119276695353687D-005   0.671540327361189D-006   0.298690698381513D-006
   0.747507679949552D-007   0.000000000000000     
