      3000  0.100000000000D+01  0.478950000000D+01
      0.791661169020D+03    0    0
  0.377529456584D+00  0.377033624786D+00  0.376535370251D+00  0.376034715367D+00
  0.375531682477D+00  0.375026293883D+00  0.374518571842D+00  0.374008538565D+00
  0.373496216220D+00  0.372981626928D+00  0.372464792761D+00  0.371945735745D+00
  0.371424477859D+00  0.370901041031D+00  0.370375447138D+00  0.369847718011D+00
  0.369317875425D+00  0.368785941107D+00  0.368251936729D+00  0.367715883912D+00
  0.367177804222D+00  0.366637719171D+00  0.366095650216D+00  0.365551618758D+00
  0.365005646144D+00  0.364457753661D+00  0.363907962541D+00  0.363356293958D+00
  0.362802769026D+00  0.362247408801D+00  0.361690234280D+00  0.361131266398D+00
  0.360570526032D+00  0.360008033995D+00  0.359443811039D+00  0.358877877856D+00
  0.358310255071D+00  0.357740963251D+00  0.357170022894D+00  0.356597454437D+00
  0.356023278251D+00  0.355447514643D+00  0.354870183853D+00  0.354291306055D+00
  0.353710901357D+00  0.353128989800D+00  0.352545591357D+00  0.351960725933D+00
  0.351374413366D+00  0.350786673424D+00  0.350197525806D+00  0.349606990142D+00
  0.349015085991D+00  0.348421832844D+00  0.347827250119D+00  0.347231357164D+00
  0.346634173255D+00  0.346035717598D+00  0.345436009323D+00  0.344835067493D+00
  0.344232911093D+00  0.343629559038D+00  0.343025030168D+00  0.342419343251D+00
  0.341812516980D+00  0.341204569972D+00  0.340595520772D+00  0.339985387849D+00
  0.339374189596D+00  0.338761944331D+00  0.338148670296D+00  0.337534385658D+00
  0.336919108507D+00  0.336302856856D+00  0.335685648641D+00  0.335067501722D+00
  0.334448433881D+00  0.333828462823D+00  0.333207606174D+00  0.332585881485D+00
  0.331963306224D+00  0.331339897786D+00  0.330715673483D+00  0.330090650551D+00
  0.329464846146D+00  0.328838277345D+00  0.328210961146D+00  0.327582914467D+00
  0.326954154147D+00  0.326324696944D+00  0.325694559538D+00  0.325063758527D+00
  0.324432310431D+00  0.323800231686D+00  0.323167538652D+00  0.322534247604D+00
  0.321900374740D+00  0.321265936175D+00  0.320630947944D+00  0.319995425999D+00
  0.319359386214D+00  0.318722844379D+00  0.318085816205D+00  0.317448317318D+00
  0.316810363267D+00  0.316171969516D+00  0.315533151449D+00  0.314893924367D+00
  0.314254303491D+00  0.313614303958D+00  0.312973940825D+00  0.312333229066D+00
  0.311692183574D+00  0.311050819159D+00  0.310409150548D+00  0.309767192389D+00
  0.309124959245D+00  0.308482465599D+00  0.307839725850D+00  0.307196754316D+00
  0.306553565232D+00  0.305910172752D+00  0.305266590948D+00  0.304622833807D+00
  0.303978915239D+00  0.303334849066D+00  0.302690649033D+00  0.302046328799D+00
  0.301401901944D+00  0.300757381965D+00  0.300112782275D+00  0.299468116208D+00
  0.298823397016D+00  0.298178637866D+00  0.297533851846D+00  0.296889051962D+00
  0.296244251138D+00  0.295599462215D+00  0.294954697955D+00  0.294309971037D+00
  0.293665294059D+00  0.293020679537D+00  0.292376139907D+00  0.291731687522D+00
  0.291087334656D+00  0.290443093500D+00  0.289798976166D+00  0.289154994683D+00
  0.288511161003D+00  0.287867486993D+00  0.287223984442D+00  0.286580665059D+00
  0.285937540470D+00  0.285294622224D+00  0.284651921789D+00  0.284009450552D+00
  0.283367219822D+00  0.282725240825D+00  0.282083524712D+00  0.281442082552D+00
  0.280800925334D+00  0.280160063970D+00  0.279519509292D+00  0.278879272053D+00
  0.278239362927D+00  0.277599792510D+00  0.276960571320D+00  0.276321709796D+00
  0.275683218300D+00  0.275045107114D+00  0.274407386444D+00  0.273770066418D+00
  0.273133157087D+00  0.272496668424D+00  0.271860610325D+00  0.271224992610D+00
  0.270589825021D+00  0.269955117224D+00  0.269320878808D+00  0.268687119288D+00
  0.268053848101D+00  0.267421074608D+00  0.266788808096D+00  0.266157057774D+00
  0.265525832780D+00  0.264895142172D+00  0.264264994937D+00  0.263635399985D+00
  0.263006366152D+00  0.262377902202D+00  0.261750016822D+00  0.261122718627D+00
  0.260496016157D+00  0.259869917880D+00  0.259244432189D+00  0.258619567407D+00
  0.257995331782D+00  0.257371733489D+00  0.256748780633D+00  0.256126481244D+00
  0.255504843283D+00  0.254883874638D+00  0.254263583124D+00  0.253643976488D+00
  0.253025062405D+00  0.252406848477D+00  0.251789342238D+00  0.251172551152D+00
  0.250556482610D+00  0.249941143937D+00  0.249326542386D+00  0.248712685141D+00
  0.248099579317D+00  0.247487231962D+00  0.246875650052D+00  0.246264840497D+00
  0.245654810139D+00  0.245045565751D+00  0.244437114040D+00  0.243829461642D+00
  0.243222615132D+00  0.242616581011D+00  0.242011365720D+00  0.241406975629D+00
  0.240803417045D+00  0.240200696206D+00  0.239598819287D+00  0.238997792397D+00
  0.238397621579D+00  0.237798312813D+00  0.237199872013D+00  0.236602305029D+00
  0.236005617647D+00  0.235409815589D+00  0.234814904515D+00  0.234220890019D+00
  0.233627777635D+00  0.233035572832D+00  0.232444281017D+00  0.231853907537D+00
  0.231264457673D+00  0.230675936649D+00  0.230088349624D+00  0.229501701696D+00
  0.228915997906D+00  0.228331243230D+00  0.227747442586D+00  0.227164600831D+00
  0.226582722764D+00  0.226001813121D+00  0.225421876583D+00  0.224842917769D+00
  0.224264941241D+00  0.223687951501D+00  0.223111952995D+00  0.222536950108D+00
  0.221962947172D+00  0.221389948458D+00  0.220817958180D+00  0.220246980498D+00
  0.219677019513D+00  0.219108079271D+00  0.218540163762D+00  0.217973276919D+00
  0.217407422621D+00  0.216842604693D+00  0.216278826903D+00  0.215716092964D+00
  0.215154406538D+00  0.214593771230D+00  0.214034190593D+00  0.213475668125D+00
  0.212918207272D+00  0.212361811427D+00  0.211806483931D+00  0.211252228070D+00
  0.210699047082D+00  0.210146944150D+00  0.209595922407D+00  0.209045984935D+00
  0.208497134763D+00  0.207949374872D+00  0.207402708192D+00  0.206857137601D+00
  0.206312665929D+00  0.205769295956D+00  0.205227030414D+00  0.204685871983D+00
  0.204145823296D+00  0.203606886939D+00  0.203069065448D+00  0.202532361311D+00
  0.201996776970D+00  0.201462314817D+00  0.200928977199D+00  0.200396766417D+00
  0.199865684723D+00  0.199335734324D+00  0.198806917382D+00  0.198279236012D+00
  0.197752692283D+00  0.197227288221D+00  0.196703025806D+00  0.196179906972D+00
  0.195657933611D+00  0.195137107571D+00  0.194617430653D+00  0.194098904618D+00
  0.193581531182D+00  0.193065312019D+00  0.192550248759D+00  0.192036342991D+00
  0.191523596262D+00  0.191012010075D+00  0.190501585893D+00  0.189992325137D+00
  0.189484229189D+00  0.188977299387D+00  0.188471537030D+00  0.187966943376D+00
  0.187463519646D+00  0.186961267016D+00  0.186460186627D+00  0.185960279580D+00
  0.185461546934D+00  0.184963989712D+00  0.184467608900D+00  0.183972405441D+00
  0.183478380245D+00  0.182985534182D+00  0.182493868085D+00  0.182003382749D+00
  0.181514078933D+00  0.181025957360D+00  0.180539018715D+00  0.180053263649D+00
  0.179568692776D+00  0.179085306673D+00  0.178603105883D+00  0.178122090916D+00
  0.177642262244D+00  0.177163620305D+00  0.176686165504D+00  0.176209898211D+00
  0.175734818762D+00  0.175260927461D+00  0.174788224576D+00  0.174316710344D+00
  0.173846384969D+00  0.173377248621D+00  0.172909301440D+00  0.172442543532D+00
  0.171976974971D+00  0.171512595801D+00  0.171049406034D+00  0.170587405650D+00
  0.170126594599D+00  0.169666972801D+00  0.169208540144D+00  0.168751296487D+00
  0.168295241658D+00  0.167840375458D+00  0.167386697655D+00  0.166934207991D+00
  0.166482906176D+00  0.166032791893D+00  0.165583864798D+00  0.165136124516D+00
  0.164689570645D+00  0.164244202755D+00  0.163800020390D+00  0.163357023064D+00
  0.162915210267D+00  0.162474581459D+00  0.162035136075D+00  0.161596873524D+00
  0.161159793188D+00  0.160723894424D+00  0.160289176562D+00  0.159855638907D+00
  0.159423280738D+00  0.158992101311D+00  0.158562099856D+00  0.158133275577D+00
  0.157705627655D+00  0.157279155248D+00  0.156853857487D+00  0.156429733482D+00
  0.156006782319D+00  0.155585003058D+00  0.155164394740D+00  0.154744956380D+00
  0.154326686972D+00  0.153909585487D+00  0.153493650873D+00  0.153078882057D+00
  0.152665277944D+00  0.152252837417D+00  0.151841559338D+00  0.151431442547D+00
  0.151022485864D+00  0.150614688087D+00  0.150208047996D+00  0.149802564347D+00
  0.149398235877D+00  0.148995061306D+00  0.148593039329D+00  0.148192168627D+00
  0.147792447856D+00  0.147393875657D+00  0.146996450650D+00  0.146600171438D+00
  0.146205036602D+00  0.145811044708D+00  0.145418194303D+00  0.145026483914D+00
  0.144635912053D+00  0.144246477211D+00  0.143858177866D+00  0.143471012474D+00
  0.143084979478D+00  0.142700077301D+00  0.142316304350D+00  0.141933659017D+00
  0.141552139676D+00  0.141171744686D+00  0.140792472389D+00  0.140414321111D+00
  0.140037289164D+00  0.139661374844D+00  0.139286576430D+00  0.138912892188D+00
  0.138540320368D+00  0.138168859205D+00  0.137798506921D+00  0.137429261723D+00
  0.137061121802D+00  0.136694085337D+00  0.136328150492D+00  0.135963315419D+00
  0.135599578254D+00  0.135236937121D+00  0.134875390131D+00  0.134514935381D+00
  0.134155570957D+00  0.133797294930D+00  0.133440105360D+00  0.133084000294D+00
  0.132728977767D+00  0.132375035802D+00  0.132022172409D+00  0.131670385588D+00
  0.131319673327D+00  0.130970033602D+00  0.130621464377D+00  0.130273963607D+00
  0.129927529235D+00  0.129582159192D+00  0.129237851401D+00  0.128894603771D+00
  0.128552414205D+00  0.128211280591D+00  0.127871200811D+00  0.127532172735D+00
  0.127194194224D+00  0.126857263128D+00  0.126521377291D+00  0.126186534543D+00
  0.125852732708D+00  0.125519969601D+00  0.125188243026D+00  0.124857550780D+00
  0.124527890652D+00  0.124199260420D+00  0.123871657856D+00  0.123545080722D+00
  0.123219526774D+00  0.122894993759D+00  0.122571479416D+00  0.122248981477D+00
  0.121927497665D+00  0.121607025697D+00  0.121287563284D+00  0.120969108126D+00
  0.120651657920D+00  0.120335210355D+00  0.120019763111D+00  0.119705313864D+00
  0.119391860284D+00  0.119079400031D+00  0.118767930764D+00  0.118457450130D+00
  0.118147955776D+00  0.117839445338D+00  0.117531916450D+00  0.117225366738D+00
  0.116919793823D+00  0.116615195323D+00  0.116311568848D+00  0.116008912003D+00
  0.115707222389D+00  0.115406497601D+00  0.115106735232D+00  0.114807932867D+00
  0.114510088088D+00  0.114213198472D+00  0.113917261592D+00  0.113622275018D+00
  0.113328236313D+00  0.113035143038D+00  0.112742992751D+00  0.112451783004D+00
  0.112161511346D+00  0.111872175324D+00  0.111583772479D+00  0.111296300351D+00
  0.111009756475D+00  0.110724138383D+00  0.110439443606D+00  0.110155669670D+00
  0.109872814098D+00  0.109590874411D+00  0.109309848128D+00  0.109029732764D+00
  0.108750525833D+00  0.108472224845D+00  0.108194827310D+00  0.107918330734D+00
  0.107642732621D+00  0.107368030474D+00  0.107094221793D+00  0.106821304078D+00
  0.106549274825D+00  0.106278131530D+00  0.106007871687D+00  0.105738492789D+00
  0.105469992327D+00  0.105202367790D+00  0.104935616669D+00  0.104669736450D+00
  0.104404724621D+00  0.104140578667D+00  0.103877296073D+00  0.103614874325D+00
  0.103353310905D+00  0.103092603298D+00  0.102832748985D+00  0.102573745448D+00
  0.102315590171D+00  0.102058280635D+00  0.101801814321D+00  0.101546188711D+00
  0.101291401286D+00  0.101037449528D+00  0.100784330920D+00  0.100532042941D+00
  0.100280583076D+00  0.100029948807D+00  0.997801376168D-01  0.995311469889D-01
  0.992829744079D-01  0.990356173585D-01  0.987890733265D-01  0.985433397984D-01
  0.982984142615D-01  0.980542942041D-01  0.978109771156D-01  0.975684604864D-01
  0.973267418081D-01  0.970858185735D-01  0.968456882767D-01  0.966063484131D-01
  0.963677964797D-01  0.961300299748D-01  0.958930463983D-01  0.956568432518D-01
  0.954214180384D-01  0.951867682630D-01  0.949528914325D-01  0.947197850554D-01
  0.944874466423D-01  0.942558737056D-01  0.940250637599D-01  0.937950143218D-01
  0.935657229101D-01  0.933371870458D-01  0.931094042522D-01  0.928823720548D-01
  0.926560879817D-01  0.924305495633D-01  0.922057543325D-01  0.919816998247D-01
  0.917583835780D-01  0.915358031330D-01  0.913139560333D-01  0.910928398248D-01
  0.908724520567D-01  0.906527902806D-01  0.904338520514D-01  0.902156349267D-01
  0.899981364672D-01  0.897813542367D-01  0.895652858019D-01  0.893499287329D-01
  0.891352806028D-01  0.889213389881D-01  0.887081014684D-01  0.884955656269D-01
  0.882837290500D-01  0.880725893274D-01  0.878621440525D-01  0.876523908222D-01
  0.874433272367D-01  0.872349509001D-01  0.870272594200D-01  0.868202504076D-01
  0.866139214779D-01  0.864082702498D-01  0.862032943456D-01  0.859989913919D-01
  0.857953590189D-01  0.855923948608D-01  0.853900965557D-01  0.851884617458D-01
  0.849874880771D-01  0.847871732000D-01  0.845875147686D-01  0.843885104416D-01
  0.841901578814D-01  0.839924547550D-01  0.837953987334D-01  0.835989874919D-01
  0.834032187101D-01  0.832080900722D-01  0.830135992664D-01  0.828197439854D-01
  0.826265219265D-01  0.824339307914D-01  0.822419682862D-01  0.820506321216D-01
  0.818599200129D-01  0.816698296799D-01  0.814803588469D-01  0.812915052433D-01
  0.811032666026D-01  0.809156406635D-01  0.807286251690D-01  0.805422178672D-01
  0.803564165108D-01  0.801712188573D-01  0.799866226691D-01  0.798026257135D-01
  0.796192257626D-01  0.794364205934D-01  0.792542079879D-01  0.790725857330D-01
  0.788915516207D-01  0.787111034478D-01  0.785312390163D-01  0.783519561331D-01
  0.781732526105D-01  0.779951262654D-01  0.778175749201D-01  0.776405964022D-01
  0.774641885440D-01  0.772883491835D-01  0.771130761634D-01  0.769383673320D-01
  0.767642205425D-01  0.765906336538D-01  0.764176045296D-01  0.762451310391D-01
  0.760732110570D-01  0.759018424629D-01  0.757310231420D-01  0.755607509850D-01
  0.753910238876D-01  0.752218397512D-01  0.750531964825D-01  0.748850919936D-01
  0.747175242021D-01  0.745504910310D-01  0.743839904087D-01  0.742180202693D-01
  0.740525785521D-01  0.738876632022D-01  0.737232721700D-01  0.735594034116D-01
  0.733960548885D-01  0.732332245678D-01  0.730709104223D-01  0.729091104302D-01
  0.727478225755D-01  0.725870448475D-01  0.724267752414D-01  0.722670117579D-01
  0.721077524034D-01  0.719489951899D-01  0.717907381351D-01  0.716329792622D-01
  0.714757166003D-01  0.713189481842D-01  0.711626720541D-01  0.710068862563D-01
  0.708515888424D-01  0.706967778700D-01  0.705424514023D-01  0.703886075084D-01
  0.702352442629D-01  0.700823597464D-01  0.699299520449D-01  0.697780192505D-01
  0.696265594610D-01  0.694755707798D-01  0.693250513163D-01  0.691749991854D-01
  0.690254125081D-01  0.688762894110D-01  0.687276280266D-01  0.685794264930D-01
  0.684316829544D-01  0.682843955606D-01  0.681375624672D-01  0.679911818358D-01
  0.678452518337D-01  0.676997706340D-01  0.675547364156D-01  0.674101473633D-01
  0.672660016677D-01  0.671222975253D-01  0.669790331383D-01  0.668362067149D-01
  0.666938164689D-01  0.665518606202D-01  0.664103373944D-01  0.662692450229D-01
  0.661285817431D-01  0.659883457980D-01  0.658485354367D-01  0.657091489140D-01
  0.655701844905D-01  0.654316404327D-01  0.652935150130D-01  0.651558065096D-01
  0.650185132065D-01  0.648816333935D-01  0.647451653663D-01  0.646091074265D-01
  0.644734578813D-01  0.643382150441D-01  0.642033772337D-01  0.640689427752D-01
  0.639349099990D-01  0.638012772417D-01  0.636680428456D-01  0.635352051589D-01
  0.634027625354D-01  0.632707133349D-01  0.631390559229D-01  0.630077886709D-01
  0.628769099559D-01  0.627464181609D-01  0.626163116747D-01  0.624865888917D-01
  0.623572482122D-01  0.622282880424D-01  0.620997067941D-01  0.619715028849D-01
  0.618436747382D-01  0.617162207832D-01  0.615891394547D-01  0.614624291935D-01
  0.613360884458D-01  0.612101156638D-01  0.610845093053D-01  0.609592678340D-01
  0.608343897192D-01  0.607098734358D-01  0.605857174645D-01  0.604619202919D-01
  0.603384804099D-01  0.602153963164D-01  0.600926665148D-01  0.599702895144D-01
  0.598482638298D-01  0.597265879817D-01  0.596052604960D-01  0.594842799046D-01
  0.593636447448D-01  0.592433535597D-01  0.591234048979D-01  0.590037973138D-01
  0.588845293670D-01  0.587655996231D-01  0.586470066532D-01  0.585287490338D-01
  0.584108253471D-01  0.582932341810D-01  0.581759741286D-01  0.580590437889D-01
  0.579424417662D-01  0.578261666705D-01  0.577102171171D-01  0.575945917271D-01
  0.574792891268D-01  0.573643079481D-01  0.572496468285D-01  0.571353044109D-01
  0.570212793435D-01  0.569075702801D-01  0.567941758801D-01  0.566810948079D-01
  0.565683257338D-01  0.564558673331D-01  0.563437182868D-01  0.562318772811D-01
  0.561203430077D-01  0.560091141636D-01  0.558981894512D-01  0.557875675782D-01
  0.556772472576D-01  0.555672272079D-01  0.554575061528D-01  0.553480828212D-01
  0.552389559474D-01  0.551301242711D-01  0.550215865371D-01  0.549133414955D-01
  0.548053879016D-01  0.546977245161D-01  0.545903501047D-01  0.544832634385D-01
  0.543764632937D-01  0.542699484518D-01  0.541637176994D-01  0.540577698282D-01
  0.539521036351D-01  0.538467179222D-01  0.537416114967D-01  0.536367831710D-01
  0.535322317624D-01  0.534279560934D-01  0.533239549917D-01  0.532202272900D-01
  0.531167718258D-01  0.530135874421D-01  0.529106729867D-01  0.528080273123D-01
  0.527056492767D-01  0.526035377429D-01  0.525016915786D-01  0.524001096566D-01
  0.522987908546D-01  0.521977340554D-01  0.520969381464D-01  0.519964020204D-01
  0.518961245746D-01  0.517961047114D-01  0.516963413381D-01  0.515968333667D-01
  0.514975797142D-01  0.513985793022D-01  0.512998310575D-01  0.512013339114D-01
  0.511030868001D-01  0.510050886647D-01  0.509073384509D-01  0.508098351092D-01
  0.507125775949D-01  0.506155648682D-01  0.505187958936D-01  0.504222696406D-01
  0.503259850834D-01  0.502299412008D-01  0.501341369763D-01  0.500385713981D-01
  0.499432434588D-01  0.498481521560D-01  0.497532964916D-01  0.496586754722D-01
  0.495642881091D-01  0.494701334181D-01  0.493762104194D-01  0.492825181379D-01
  0.491890556031D-01  0.490958218489D-01  0.490028159137D-01  0.489100368403D-01
  0.488174836763D-01  0.487251554734D-01  0.486330512880D-01  0.485411701807D-01
  0.484495112167D-01  0.483580734656D-01  0.482668560012D-01  0.481758579021D-01
  0.480850782507D-01  0.479945161341D-01  0.479041706438D-01  0.478140408753D-01
  0.477241259287D-01  0.476344249083D-01  0.475449369226D-01  0.474556610845D-01
  0.473665965110D-01  0.472777423235D-01  0.471890976474D-01  0.471006616126D-01
  0.470124333530D-01  0.469244120067D-01  0.468365967160D-01  0.467489866273D-01
  0.466615808911D-01  0.465743786623D-01  0.464873790996D-01  0.464005813659D-01
  0.463139846281D-01  0.462275880574D-01  0.461413908289D-01  0.460553921216D-01
  0.459695911187D-01  0.458839870075D-01  0.457985789790D-01  0.457133662285D-01
  0.456283479550D-01  0.455435233617D-01  0.454588916554D-01  0.453744520473D-01
  0.452902037521D-01  0.452061459885D-01  0.451222779792D-01  0.450385989507D-01
  0.449551081333D-01  0.448718047613D-01  0.447886880726D-01  0.447057573090D-01
  0.446230117162D-01  0.445404505437D-01  0.444580730444D-01  0.443758784756D-01
  0.442938660976D-01  0.442120351751D-01  0.441303849761D-01  0.440489147723D-01
  0.439676238394D-01  0.438865114565D-01  0.438055769064D-01  0.437248194756D-01
  0.436442384542D-01  0.435638331358D-01  0.434836028179D-01  0.434035468014D-01
  0.433236643906D-01  0.432439548937D-01  0.431644176222D-01  0.430850518912D-01
  0.430058570195D-01  0.429268323290D-01  0.428479771455D-01  0.427692907980D-01
  0.426907726191D-01  0.426124219449D-01  0.425342381147D-01  0.424562204715D-01
  0.423783683615D-01  0.423006811344D-01  0.422231581432D-01  0.421457987444D-01
  0.420686022977D-01  0.419915681663D-01  0.419146957165D-01  0.418379843182D-01
  0.417614333443D-01  0.416850421712D-01  0.416088101785D-01  0.415327367490D-01
  0.414568212689D-01  0.413810631275D-01  0.413054617172D-01  0.412300164340D-01
  0.411547266766D-01  0.410795918473D-01  0.410046113512D-01  0.409297845969D-01
  0.408551109959D-01  0.407805899629D-01  0.407062209157D-01  0.406320032751D-01
  0.405579364653D-01  0.404840199131D-01  0.404102530487D-01  0.403366353053D-01
  0.402631661190D-01  0.401898449290D-01  0.401166711776D-01  0.400436443099D-01
  0.399707637741D-01  0.398980290213D-01  0.398254395057D-01  0.397529946842D-01
  0.396806940168D-01  0.396085369663D-01  0.395365229986D-01  0.394646515822D-01
  0.393929221888D-01  0.393213342927D-01  0.392498873711D-01  0.391785809041D-01
  0.391074143746D-01  0.390363872684D-01  0.389654990738D-01  0.388947492823D-01
  0.388241373879D-01  0.387536628875D-01  0.386833252805D-01  0.386131240693D-01
  0.385430587589D-01  0.384731288572D-01  0.384033338744D-01  0.383336733239D-01
  0.382641467212D-01  0.381947535850D-01  0.381254934363D-01  0.380563657989D-01
  0.379873701991D-01  0.379185061659D-01  0.378497732309D-01  0.377811709283D-01
  0.377126987947D-01  0.376443563696D-01  0.375761431948D-01  0.375080588147D-01
  0.374401027761D-01  0.373722746285D-01  0.373045739240D-01  0.372370002168D-01
  0.371695530640D-01  0.371022320248D-01  0.370350366612D-01  0.369679665374D-01
  0.369010212200D-01  0.368342002784D-01  0.367675032839D-01  0.367009298106D-01
  0.366344794346D-01  0.365681517349D-01  0.365019462923D-01  0.364358626903D-01
  0.363699005147D-01  0.363040593535D-01  0.362383387971D-01  0.361727384382D-01
  0.361072578719D-01  0.360418966953D-01  0.359766545080D-01  0.359115309118D-01
  0.358465255108D-01  0.357816379112D-01  0.357168677217D-01  0.356522145528D-01
  0.355876780175D-01  0.355232577310D-01  0.354589533105D-01  0.353947643756D-01
  0.353306905479D-01  0.352667314511D-01  0.352028867112D-01  0.351391559562D-01
  0.350755388164D-01  0.350120349239D-01  0.349486439132D-01  0.348853654206D-01
  0.348221990848D-01  0.347591445462D-01  0.346962014476D-01  0.346333694337D-01
  0.345706481511D-01  0.345080372485D-01  0.344455363768D-01  0.343831451886D-01
  0.343208633387D-01  0.342586904838D-01  0.341966262825D-01  0.341346703956D-01
  0.340728224855D-01  0.340110822169D-01  0.339494492561D-01  0.338879232716D-01
  0.338265039336D-01  0.337651909142D-01  0.337039838876D-01  0.336428825296D-01
  0.335818865181D-01  0.335209955327D-01  0.334602092549D-01  0.333995273681D-01
  0.333389495574D-01  0.332784755098D-01  0.332181049142D-01  0.331578374610D-01
  0.330976728428D-01  0.330376107536D-01  0.329776508893D-01  0.329177929477D-01
  0.328580366283D-01  0.327983816320D-01  0.327388276620D-01  0.326793744228D-01
  0.326200216207D-01  0.325607689638D-01  0.325016161618D-01  0.324425629262D-01
  0.323836089700D-01  0.323247540080D-01  0.322659977567D-01  0.322073399340D-01
  0.321487802596D-01  0.320903184550D-01  0.320319542430D-01  0.319736873482D-01
  0.319155174967D-01  0.318574444164D-01  0.317994678365D-01  0.317415874880D-01
  0.316838031032D-01  0.316261144163D-01  0.315685211629D-01  0.315110230800D-01
  0.314536199063D-01  0.313963113819D-01  0.313390972486D-01  0.312819772495D-01
  0.312249511293D-01  0.311680186342D-01  0.311111795118D-01  0.310544335113D-01
  0.309977803831D-01  0.309412198794D-01  0.308847517537D-01  0.308283757608D-01
  0.307720916570D-01  0.307158992002D-01  0.306597981495D-01  0.306037882655D-01
  0.305478693102D-01  0.304920410468D-01  0.304363032402D-01  0.303806556565D-01
  0.303250980631D-01  0.302696302289D-01  0.302142519239D-01  0.301589629198D-01
  0.301037629894D-01  0.300486519067D-01  0.299936294474D-01  0.299386953882D-01
  0.298838495072D-01  0.298290915837D-01  0.297744213984D-01  0.297198387332D-01
  0.296653433714D-01  0.296109350974D-01  0.295566136969D-01  0.295023789569D-01
  0.294482306656D-01  0.293941686124D-01  0.293401925879D-01  0.292863023841D-01
  0.292324977941D-01  0.291787786120D-01  0.291251446334D-01  0.290715956549D-01
  0.290181314744D-01  0.289647518908D-01  0.289114567044D-01  0.288582457165D-01
  0.288051187295D-01  0.287520755472D-01  0.286991159741D-01  0.286462398163D-01
  0.285934468807D-01  0.285407369755D-01  0.284881099099D-01  0.284355654942D-01
  0.283831035399D-01  0.283307238595D-01  0.282784262665D-01  0.282262105757D-01
  0.281740766027D-01  0.281220241644D-01  0.280700530787D-01  0.280181631644D-01
  0.279663542414D-01  0.279146261307D-01  0.278629786544D-01  0.278114116354D-01
  0.277599248978D-01  0.277085182666D-01  0.276571915679D-01  0.276059446286D-01
  0.275547772769D-01  0.275036893416D-01  0.274526806528D-01  0.274017510415D-01
  0.273509003395D-01  0.273001283797D-01  0.272494349959D-01  0.271988200230D-01
  0.271482832965D-01  0.270978246531D-01  0.270474439304D-01  0.269971409668D-01
  0.269469156017D-01  0.268967676755D-01  0.268466970293D-01  0.267967035053D-01
  0.267467869463D-01  0.266969471963D-01  0.266471841000D-01  0.265974975031D-01
  0.265478872519D-01  0.264983531939D-01  0.264488951773D-01  0.263995130510D-01
  0.263502066651D-01  0.263009758701D-01  0.262518205178D-01  0.262027404604D-01
  0.261537355511D-01  0.261048056440D-01  0.260559505940D-01  0.260071702566D-01
  0.259584644883D-01  0.259098331463D-01  0.258612760886D-01  0.258127931740D-01
  0.257643842622D-01  0.257160492134D-01  0.256677878887D-01  0.256196001501D-01
  0.255714858601D-01  0.255234448821D-01  0.254754770803D-01  0.254275823196D-01
  0.253797604654D-01  0.253320113842D-01  0.252843349431D-01  0.252367310097D-01
  0.251891994525D-01  0.251417401409D-01  0.250943529446D-01  0.250470377343D-01
  0.249997943813D-01  0.249526227576D-01  0.249055227358D-01  0.248584941892D-01
  0.248115369921D-01  0.247646510189D-01  0.247178361451D-01  0.246710922468D-01
  0.246244192005D-01  0.245778168837D-01  0.245312851743D-01  0.244848239509D-01
  0.244384330928D-01  0.243921124799D-01  0.243458619928D-01  0.242996815125D-01
  0.242535709208D-01  0.242075301001D-01  0.241615589335D-01  0.241156573044D-01
  0.240698250972D-01  0.240240621965D-01  0.239783684878D-01  0.239327438571D-01
  0.238871881908D-01  0.238417013763D-01  0.237962833011D-01  0.237509338536D-01
  0.237056529226D-01  0.236604403975D-01  0.236152961683D-01  0.235702201256D-01
  0.235252121603D-01  0.234802721642D-01  0.234354000294D-01  0.233905956487D-01
  0.233458589152D-01  0.233011897226D-01  0.232565879655D-01  0.232120535384D-01
  0.231675863368D-01  0.231231862565D-01  0.230788531939D-01  0.230345870458D-01
  0.229903877096D-01  0.229462550832D-01  0.229021890649D-01  0.228581895536D-01
  0.228142564486D-01  0.227703896497D-01  0.227265890573D-01  0.226828545720D-01
  0.226391860952D-01  0.225955835286D-01  0.225520467743D-01  0.225085757350D-01
  0.224651703138D-01  0.224218304143D-01  0.223785559404D-01  0.223353467965D-01
  0.222922028877D-01  0.222491241191D-01  0.222061103967D-01  0.221631616265D-01
  0.221202777153D-01  0.220774585700D-01  0.220347040982D-01  0.219920142077D-01
  0.219493888069D-01  0.219068278045D-01  0.218643311096D-01  0.218218986318D-01
  0.217795302810D-01  0.217372259676D-01  0.216949856022D-01  0.216528090961D-01
  0.216106963607D-01  0.215686473079D-01  0.215266618502D-01  0.214847399000D-01
  0.214428813705D-01  0.214010861750D-01  0.213593542275D-01  0.213176854420D-01
  0.212760797331D-01  0.212345370156D-01  0.211930572048D-01  0.211516402163D-01
  0.211102859660D-01  0.210689943703D-01  0.210277653458D-01  0.209865988095D-01
  0.209454946788D-01  0.209044528712D-01  0.208634733049D-01  0.208225558981D-01
  0.207817005695D-01  0.207409072382D-01  0.207001758234D-01  0.206595062448D-01
  0.206188984223D-01  0.205783522763D-01  0.205378677273D-01  0.204974446961D-01
  0.204570831042D-01  0.204167828728D-01  0.203765439239D-01  0.203363661795D-01
  0.202962495621D-01  0.202561939944D-01  0.202161993994D-01  0.201762657003D-01
  0.201363928208D-01  0.200965806846D-01  0.200568292160D-01  0.200171383393D-01
  0.199775079793D-01  0.199379380609D-01  0.198984285094D-01  0.198589792502D-01
  0.198195902092D-01  0.197802613123D-01  0.197409924860D-01  0.197017836567D-01
  0.196626347513D-01  0.196235456969D-01  0.195845164207D-01  0.195455468504D-01
  0.195066369138D-01  0.194677865390D-01  0.194289956543D-01  0.193902641883D-01
  0.193515920697D-01  0.193129792276D-01  0.192744255912D-01  0.192359310902D-01
  0.191974956541D-01  0.191591192130D-01  0.191208016970D-01  0.190825430366D-01
  0.190443431624D-01  0.190062020053D-01  0.189681194963D-01  0.189300955667D-01
  0.188921301481D-01  0.188542231721D-01  0.188163745706D-01  0.187785842759D-01
  0.187408522202D-01  0.187031783360D-01  0.186655625562D-01  0.186280048136D-01
  0.185905050415D-01  0.185530631730D-01  0.185156791419D-01  0.184783528817D-01
  0.184410843264D-01  0.184038734102D-01  0.183667200672D-01  0.183296242320D-01
  0.182925858393D-01  0.182556048238D-01  0.182186811206D-01  0.181818146648D-01
  0.181450053919D-01  0.181082532374D-01  0.180715581370D-01  0.180349200265D-01
  0.179983388421D-01  0.179618145200D-01  0.179253469966D-01  0.178889362083D-01
  0.178525820920D-01  0.178162845844D-01  0.177800436227D-01  0.177438591440D-01
  0.177077310857D-01  0.176716593852D-01  0.176356439803D-01  0.175996848086D-01
  0.175637818082D-01  0.175279349172D-01  0.174921440738D-01  0.174564092164D-01
  0.174207302836D-01  0.173851072139D-01  0.173495399463D-01  0.173140284196D-01
  0.172785725730D-01  0.172431723457D-01  0.172078276771D-01  0.171725385066D-01
  0.171373047738D-01  0.171021264186D-01  0.170670033808D-01  0.170319356004D-01
  0.169969230175D-01  0.169619655724D-01  0.169270632055D-01  0.168922158573D-01
  0.168574234684D-01  0.168226859795D-01  0.167880033316D-01  0.167533754655D-01
  0.167188023224D-01  0.166842838435D-01  0.166498199701D-01  0.166154106436D-01
  0.165810558056D-01  0.165467553977D-01  0.165125093616D-01  0.164783176393D-01
  0.164441801727D-01  0.164100969038D-01  0.163760677748D-01  0.163420927280D-01
  0.163081717058D-01  0.162743046507D-01  0.162404915051D-01  0.162067322118D-01
  0.161730267136D-01  0.161393749533D-01  0.161057768738D-01  0.160722324182D-01
  0.160387415296D-01  0.160053041513D-01  0.159719202265D-01  0.159385896986D-01
  0.159053125112D-01  0.158720886078D-01  0.158389179321D-01  0.158058004278D-01
  0.157727360387D-01  0.157397247088D-01  0.157067663820D-01  0.156738610023D-01
  0.156410085140D-01  0.156082088613D-01  0.155754619884D-01  0.155427678397D-01
  0.155101263598D-01  0.154775374930D-01  0.154450011840D-01  0.154125173774D-01
  0.153800860181D-01  0.153477070508D-01  0.153153804204D-01  0.152831060718D-01
  0.152508839500D-01  0.152187140002D-01  0.151865961674D-01  0.151545303970D-01
  0.151225166341D-01  0.150905548241D-01  0.150586449124D-01  0.150267868445D-01
  0.149949805659D-01  0.149632260221D-01  0.149315231589D-01  0.148998719218D-01
  0.148682722568D-01  0.148367241095D-01  0.148052274259D-01  0.147737821519D-01
  0.147423882334D-01  0.147110456165D-01  0.146797542473D-01  0.146485140720D-01
  0.146173250366D-01  0.145861870875D-01  0.145551001710D-01  0.145240642333D-01
  0.144930792210D-01  0.144621450803D-01  0.144312617578D-01  0.144004292001D-01
  0.143696473537D-01  0.143389161651D-01  0.143082355812D-01  0.142776055486D-01
  0.142470260141D-01  0.142164969244D-01  0.141860182263D-01  0.141555898669D-01
  0.141252117929D-01  0.140948839514D-01  0.140646062894D-01  0.140343787538D-01
  0.140042012918D-01  0.139740738505D-01  0.139439963770D-01  0.139139688186D-01
  0.138839911224D-01  0.138540632356D-01  0.138241851057D-01  0.137943566800D-01
  0.137645779057D-01  0.137348487303D-01  0.137051691012D-01  0.136755389659D-01
  0.136459582718D-01  0.136164269666D-01  0.135869449977D-01  0.135575123128D-01
  0.135281288593D-01  0.134987945851D-01  0.134695094378D-01  0.134402733650D-01
  0.134110863145D-01  0.133819482341D-01  0.133528590715D-01  0.133238187745D-01
  0.132948272910D-01  0.132658845689D-01  0.132369905560D-01  0.132081452002D-01
  0.131793484494D-01  0.131506002517D-01  0.131219005550D-01  0.130932493073D-01
  0.130646464566D-01  0.130360919511D-01  0.130075857386D-01  0.129791277674D-01
  0.129507179856D-01  0.129223563413D-01  0.128940427826D-01  0.128657772577D-01
  0.128375597149D-01  0.128093901022D-01  0.127812683680D-01  0.127531944605D-01
  0.127251683280D-01  0.126971899187D-01  0.126692591810D-01  0.126413760631D-01
  0.126135405135D-01  0.125857524804D-01  0.125580119122D-01  0.125303187573D-01
  0.125026729642D-01  0.124750744812D-01  0.124475232567D-01  0.124200192392D-01
  0.123925623771D-01  0.123651526190D-01  0.123377899133D-01  0.123104742085D-01
  0.122832054531D-01  0.122559835956D-01  0.122288085846D-01  0.122016803687D-01
  0.121745988963D-01  0.121475641161D-01  0.121205759766D-01  0.120936344264D-01
  0.120667394142D-01  0.120398908886D-01  0.120130887981D-01  0.119863330915D-01
  0.119596237174D-01  0.119329606243D-01  0.119063437611D-01  0.118797730764D-01
  0.118532485188D-01  0.118267700370D-01  0.118003375798D-01  0.117739510959D-01
  0.117476105340D-01  0.117213158428D-01  0.116950669711D-01  0.116688638676D-01
  0.116427064810D-01  0.116165947602D-01  0.115905286538D-01  0.115645081107D-01
  0.115385330796D-01  0.115126035094D-01  0.114867193488D-01  0.114608805466D-01
  0.114350870516D-01  0.114093388127D-01  0.113836357787D-01  0.113579778983D-01
  0.113323651205D-01  0.113067973940D-01  0.112812746678D-01  0.112557968906D-01
  0.112303640112D-01  0.112049759787D-01  0.111796327418D-01  0.111543342493D-01
  0.111290804503D-01  0.111038712934D-01  0.110787067277D-01  0.110535867020D-01
  0.110285111652D-01  0.110034800662D-01  0.109784933539D-01  0.109535509772D-01
  0.109286528850D-01  0.109037990262D-01  0.108789893497D-01  0.108542238045D-01
  0.108295023394D-01  0.108048249034D-01  0.107801914454D-01  0.107556019144D-01
  0.107310562593D-01  0.107065544289D-01  0.106820963724D-01  0.106576820385D-01
  0.106333113763D-01  0.106089843347D-01  0.105847008626D-01  0.105604609091D-01
  0.105362644230D-01  0.105121113533D-01  0.104880016490D-01  0.104639352591D-01
  0.104399121325D-01  0.104159322182D-01  0.103919954652D-01  0.103681018224D-01
  0.103442512388D-01  0.103204436634D-01  0.102966790452D-01  0.102729573332D-01
  0.102492784764D-01  0.102256424236D-01  0.102020491241D-01  0.101784985266D-01
  0.101549905803D-01  0.101315252342D-01  0.101081024371D-01  0.100847221382D-01
  0.100613842865D-01  0.100380888309D-01  0.100148357204D-01  0.999162490418D-02
  0.996845633110D-02  0.994532995023D-02  0.992224571058D-02  0.989920356118D-02
  0.987620345104D-02  0.985324532920D-02  0.983032914469D-02  0.980745484653D-02
  0.978462238375D-02  0.976183170540D-02  0.973908276050D-02  0.971637549811D-02
  0.969370986725D-02  0.967108581698D-02  0.964850329634D-02  0.962596225438D-02
  0.960346264015D-02  0.958100440271D-02  0.955858749112D-02  0.953621185443D-02
  0.951387744170D-02  0.949158420201D-02  0.946933208442D-02  0.944712103799D-02
  0.942495101181D-02  0.940282195494D-02  0.938073381647D-02  0.935868654548D-02
  0.933668009106D-02  0.931471440228D-02  0.929278942825D-02  0.927090511805D-02
  0.924906142079D-02  0.922725828557D-02  0.920549566148D-02  0.918377349764D-02
  0.916209174315D-02  0.914045034714D-02  0.911884925871D-02  0.909728842699D-02
  0.907576780111D-02  0.905428733020D-02  0.903284696338D-02  0.901144664980D-02
  0.899008633859D-02  0.896876597890D-02  0.894748551988D-02  0.892624491068D-02
  0.890504410046D-02  0.888388303839D-02  0.886276167362D-02  0.884167995532D-02
  0.882063783269D-02  0.879963525488D-02  0.877867217110D-02  0.875774853052D-02
  0.873686428234D-02  0.871601937577D-02  0.869521376001D-02  0.867444738426D-02
  0.865372019774D-02  0.863303214968D-02  0.861238318930D-02  0.859177326583D-02
  0.857120232851D-02  0.855067032658D-02  0.853017720929D-02  0.850972292590D-02
  0.848930742567D-02  0.846893065786D-02  0.844859257174D-02  0.842829311661D-02
  0.840803224174D-02  0.838780989642D-02  0.836762602997D-02  0.834748059167D-02
  0.832737353085D-02  0.830730479683D-02  0.828727433893D-02  0.826728210648D-02
  0.824732804884D-02  0.822741211534D-02  0.820753425535D-02  0.818769441823D-02
  0.816789255334D-02  0.814812861008D-02  0.812840253783D-02  0.810871428598D-02
  0.808906380394D-02  0.806945104112D-02  0.804987594693D-02  0.803033847083D-02
  0.801083856222D-02  0.799137617058D-02  0.797195124534D-02  0.795256373598D-02
  0.793321359197D-02  0.791390076279D-02  0.789462519793D-02  0.787538684690D-02
  0.785618565921D-02  0.783702158437D-02  0.781789457192D-02  0.779880457141D-02
  0.777975153237D-02  0.776073540438D-02  0.774175613700D-02  0.772281367982D-02
  0.770390798242D-02  0.768503899442D-02  0.766620666542D-02  0.764741094506D-02
  0.762865178296D-02  0.760992912878D-02  0.759124293217D-02  0.757259314280D-02
  0.755397971037D-02  0.753540258455D-02  0.751686171505D-02  0.749835705161D-02
  0.747988854393D-02  0.746145614177D-02  0.744305979488D-02  0.742469945302D-02
  0.740637506598D-02  0.738808658355D-02  0.736983395553D-02  0.735161713175D-02
  0.733343606203D-02  0.731529069622D-02  0.729718098417D-02  0.727910687577D-02
  0.726106832089D-02  0.724306526943D-02  0.722509767131D-02  0.720716547646D-02
  0.718926863482D-02  0.717140709634D-02  0.715358081100D-02  0.713578972877D-02
  0.711803379967D-02  0.710031297371D-02  0.708262720092D-02  0.706497643134D-02
  0.704736061503D-02  0.702977970208D-02  0.701223364257D-02  0.699472238661D-02
  0.697724588433D-02  0.695980408587D-02  0.694239694138D-02  0.692502440103D-02
  0.690768641502D-02  0.689038293356D-02  0.687311390685D-02  0.685587928515D-02
  0.683867901871D-02  0.682151305780D-02  0.680438135272D-02  0.678728385376D-02
  0.677022051127D-02  0.675319127558D-02  0.673619609706D-02  0.671923492608D-02
  0.670230771304D-02  0.668541440837D-02  0.666855496248D-02  0.665172932584D-02
  0.663493744892D-02  0.661817928222D-02  0.660145477623D-02  0.658476388149D-02
  0.656810654854D-02  0.655148272797D-02  0.653489237034D-02  0.651833542627D-02
  0.650181184639D-02  0.648532158135D-02  0.646886458180D-02  0.645244079844D-02
  0.643605018198D-02  0.641969268314D-02  0.640336825267D-02  0.638707684135D-02
  0.637081839996D-02  0.635459287931D-02  0.633840023025D-02  0.632224040361D-02
  0.630611335029D-02  0.629001902117D-02  0.627395736718D-02  0.625792833926D-02
  0.624193188838D-02  0.622596796551D-02  0.621003652166D-02  0.619413750788D-02
  0.617827087521D-02  0.616243657472D-02  0.614663455752D-02  0.613086477474D-02
  0.611512717750D-02  0.609942171699D-02  0.608374834440D-02  0.606810701094D-02
  0.605249766786D-02  0.603692026641D-02  0.602137475789D-02  0.600586109360D-02
  0.599037922489D-02  0.597492910311D-02  0.595951067965D-02  0.594412390592D-02
  0.592876873336D-02  0.591344511342D-02  0.589815299759D-02  0.588289233739D-02
  0.586766308434D-02  0.585246519001D-02  0.583729860599D-02  0.582216328389D-02
  0.580705917535D-02  0.579198623203D-02  0.577694440563D-02  0.576193364787D-02
  0.574695391048D-02  0.573200514524D-02  0.571708730396D-02  0.570220033844D-02
  0.568734420055D-02  0.567251884217D-02  0.565772421519D-02  0.564296027157D-02
  0.562822696324D-02  0.561352424222D-02  0.559885206050D-02  0.558421037015D-02
  0.556959912323D-02  0.555501827184D-02  0.554046776811D-02  0.552594756421D-02
  0.551145761232D-02  0.549699786465D-02  0.548256827345D-02  0.546816879100D-02
  0.545379936960D-02  0.543945996157D-02  0.542515051929D-02  0.541087099514D-02
  0.539662134155D-02  0.538240151097D-02  0.536821145587D-02  0.535405112877D-02
  0.533992048221D-02  0.532581946876D-02  0.531174804103D-02  0.529770615165D-02
  0.528369375328D-02  0.526971079861D-02  0.525575724037D-02  0.524183303133D-02
  0.522793812425D-02  0.521407247198D-02  0.520023602735D-02  0.518642874324D-02
  0.517265057258D-02  0.515890146831D-02  0.514518138340D-02  0.513149027087D-02
  0.511782808376D-02  0.510419477515D-02  0.509059029813D-02  0.507701460586D-02
  0.506346765149D-02  0.504994938825D-02  0.503645976937D-02  0.502299874811D-02
  0.500956627779D-02  0.499616231173D-02  0.498278680332D-02  0.496943970596D-02
  0.495612097309D-02  0.494283055818D-02  0.492956841473D-02  0.491633449629D-02
  0.490312875644D-02  0.488995114877D-02  0.487680162694D-02  0.486368014462D-02
  0.485058665553D-02  0.483752111341D-02  0.482448347205D-02  0.481147368526D-02
  0.479849170690D-02  0.478553749084D-02  0.477261099103D-02  0.475971216141D-02
  0.474684095598D-02  0.473399732877D-02  0.472118123385D-02  0.470839262531D-02
  0.469563145729D-02  0.468289768397D-02  0.467019125956D-02  0.465751213830D-02
  0.464486027448D-02  0.463223562242D-02  0.461963813646D-02  0.460706777102D-02
  0.459452448050D-02  0.458200821939D-02  0.456951894218D-02  0.455705660342D-02
  0.454462115768D-02  0.453221255959D-02  0.451983076378D-02  0.450747572497D-02
  0.449514739787D-02  0.448284573724D-02  0.447057069791D-02  0.445832223470D-02
  0.444610030251D-02  0.443390485624D-02  0.442173585086D-02  0.440959324136D-02
  0.439747698278D-02  0.438538703020D-02  0.437332333871D-02  0.436128586349D-02
  0.434927455971D-02  0.433728938260D-02  0.432533028744D-02  0.431339722953D-02
  0.430149016422D-02  0.428960904690D-02  0.427775383299D-02  0.426592447796D-02
  0.425412093732D-02  0.424234316661D-02  0.423059112141D-02  0.421886475736D-02
  0.420716403012D-02  0.419548889540D-02  0.418383930894D-02  0.417221522654D-02
  0.416061660401D-02  0.414904339723D-02  0.413749556212D-02  0.412597305461D-02
  0.411447583070D-02  0.410300384643D-02  0.409155705786D-02  0.408013542111D-02
  0.406873889234D-02  0.405736742775D-02  0.404602098358D-02  0.403469951610D-02
  0.402340298163D-02  0.401213133656D-02  0.400088453727D-02  0.398966254022D-02
  0.397846530189D-02  0.396729277883D-02  0.395614492760D-02  0.394502170483D-02
  0.393392306716D-02  0.392284897131D-02  0.391179937402D-02  0.390077423207D-02
  0.388977350230D-02  0.387879714157D-02  0.386784510681D-02  0.385691735497D-02
  0.384601384306D-02  0.383513452811D-02  0.382427936722D-02  0.381344831752D-02
  0.380264133619D-02  0.379185838043D-02  0.378109940753D-02  0.377036437477D-02
  0.375965323951D-02  0.374896595915D-02  0.373830249111D-02  0.372766279289D-02
  0.371704682201D-02  0.370645453603D-02  0.369588589257D-02  0.368534084929D-02
  0.367481936389D-02  0.366432139413D-02  0.365384689778D-02  0.364339583268D-02
  0.363296815672D-02  0.362256382782D-02  0.361218280396D-02  0.360182504314D-02
  0.359149050343D-02  0.358117914293D-02  0.357089091980D-02  0.356062579222D-02
  0.355038371844D-02  0.354016465675D-02  0.352996856548D-02  0.351979540300D-02
  0.350964512774D-02  0.349951769816D-02  0.348941307279D-02  0.347933121017D-02
  0.346927206892D-02  0.345923560768D-02  0.344922178516D-02  0.343923056010D-02
  0.342926189129D-02  0.341931573756D-02  0.340939205780D-02  0.339949081093D-02
  0.338961195593D-02  0.337975545182D-02  0.336992125767D-02  0.336010933260D-02
  0.335031963576D-02  0.334055212636D-02  0.333080676365D-02  0.332108350695D-02
  0.331138231559D-02  0.330170314898D-02  0.329204596655D-02  0.328241072779D-02
  0.327279739225D-02  0.326320591949D-02  0.325363626917D-02  0.324408840095D-02
  0.323456227455D-02  0.322505784976D-02  0.321557508639D-02  0.320611394432D-02
  0.319667438345D-02  0.318725636375D-02  0.317785984524D-02  0.316848478797D-02
  0.315913115205D-02  0.314979889763D-02  0.314048798492D-02  0.313119837416D-02
  0.312193002567D-02  0.311268289977D-02  0.310345695688D-02  0.309425215743D-02
  0.308506846192D-02  0.307590583088D-02  0.306676422490D-02  0.305764360463D-02
  0.304854393075D-02  0.303946516398D-02  0.303040726512D-02  0.302137019500D-02
  0.301235391449D-02  0.300335838453D-02  0.299438356609D-02  0.298542942020D-02
  0.297649590793D-02  0.296758299042D-02  0.295869062883D-02  0.294981878439D-02
  0.294096741836D-02  0.293213649208D-02  0.292332596690D-02  0.291453580425D-02
  0.290576596560D-02  0.289701641247D-02  0.288828710642D-02  0.287957800907D-02
  0.287088908209D-02  0.286222028719D-02  0.285357158615D-02  0.284494294076D-02
  0.283633431291D-02  0.282774566449D-02  0.281917695749D-02  0.281062815391D-02
  0.280209921581D-02  0.279359010532D-02  0.278510078459D-02  0.277663121583D-02
  0.276818136132D-02  0.275975118337D-02  0.275134064433D-02  0.274294970663D-02
  0.273457833273D-02  0.272622648513D-02  0.271789412642D-02  0.270958121920D-02
  0.270128772613D-02  0.269301360994D-02  0.268475883339D-02  0.267652335930D-02
  0.266830715053D-02  0.266011016999D-02  0.265193238067D-02  0.264377374558D-02
  0.263563422778D-02  0.262751379040D-02  0.261941239661D-02  0.261133000963D-02
  0.260326659273D-02  0.259522210924D-02  0.258719652252D-02  0.257918979601D-02
  0.257120189317D-02  0.256323277754D-02  0.255528241270D-02  0.254735076227D-02
  0.253943778993D-02  0.253154345941D-02  0.252366773450D-02  0.251581057902D-02
  0.250797195686D-02  0.250015183197D-02  0.249235016831D-02  0.248456692994D-02
  0.247680208093D-02  0.246905558544D-02  0.246132740765D-02  0.245361751180D-02
  0.244592586220D-02  0.243825242318D-02  0.243059715915D-02  0.242296003454D-02
  0.241534101387D-02  0.240774006169D-02  0.240015714259D-02  0.239259222124D-02
  0.238504526234D-02  0.237751623065D-02  0.237000509098D-02  0.236251180819D-02
  0.235503634719D-02  0.234757867296D-02  0.234013875050D-02  0.233271654489D-02
  0.232531202125D-02  0.231792514475D-02  0.231055588061D-02  0.230320419411D-02
  0.229587005058D-02  0.228855341541D-02  0.228125425401D-02  0.227397253188D-02
  0.226670821455D-02  0.225946126762D-02  0.225223165672D-02  0.224501934754D-02
  0.223782430583D-02  0.223064649738D-02  0.222348588805D-02  0.221634244374D-02
  0.220921613040D-02  0.220210691403D-02  0.219501476069D-02  0.218793963649D-02
  0.218088150760D-02  0.217384034023D-02  0.216681610064D-02  0.215980875516D-02
  0.215281827016D-02  0.214584461206D-02  0.213888774733D-02  0.213194764251D-02
  0.212502426418D-02  0.211811757897D-02  0.211122755357D-02  0.210435415471D-02
  0.209749734918D-02  0.209065710384D-02  0.208383338557D-02  0.207702616132D-02
  0.207023539811D-02  0.206346106297D-02  0.205670312301D-02  0.204996154540D-02
  0.204323629735D-02  0.203652734611D-02  0.202983465901D-02  0.202315820342D-02
  0.201649794676D-02  0.200985385650D-02  0.200322590017D-02  0.199661404535D-02
  0.199001825968D-02  0.198343851083D-02  0.197687476655D-02  0.197032699463D-02
  0.196379516292D-02  0.195727923930D-02  0.195077919174D-02  0.194429498822D-02
  0.193782659681D-02  0.193137398562D-02  0.192493712281D-02  0.191851597658D-02
  0.191211051521D-02  0.190572070702D-02  0.189934652038D-02  0.189298792371D-02
  0.188664488550D-02  0.188031737426D-02  0.187400535860D-02  0.186770880714D-02
  0.186142768858D-02  0.185516197165D-02  0.184891162516D-02  0.184267661796D-02
  0.183645691893D-02  0.183025249705D-02  0.182406332132D-02  0.181788936080D-02
  0.181173058460D-02  0.180558696189D-02  0.179945846189D-02  0.179334505388D-02
  0.178724670718D-02  0.178116339117D-02  0.177509507528D-02  0.176904172900D-02
  0.176300332186D-02  0.175697982347D-02  0.175097120345D-02  0.174497743152D-02
  0.173899847742D-02  0.173303431096D-02  0.172708490200D-02  0.172115022043D-02
  0.171523023624D-02  0.170932491943D-02  0.170343424007D-02  0.169755816830D-02
  0.169169667427D-02  0.168584972824D-02  0.168001730046D-02  0.167419936130D-02
  0.166839588112D-02  0.166260683037D-02  0.165683217956D-02  0.165107189922D-02
  0.164532595996D-02  0.163959433244D-02  0.163387698736D-02  0.162817389549D-02
  0.162248502763D-02  0.161681035466D-02  0.161114984750D-02  0.160550347712D-02
  0.159987121456D-02  0.159425303088D-02  0.158864889723D-02  0.158305878479D-02
  0.157748266481D-02  0.157192050858D-02  0.156637228744D-02  0.156083797279D-02
  0.155531753610D-02  0.154981094886D-02  0.154431818263D-02  0.153883920904D-02
  0.153337399975D-02  0.152792252647D-02  0.152248476098D-02  0.151706067511D-02
  0.151165024074D-02  0.150625342980D-02  0.150087021427D-02  0.149550056621D-02
  0.149014445769D-02  0.148480186087D-02  0.147947274795D-02  0.147415709117D-02
  0.146885486286D-02  0.146356603536D-02  0.145829058108D-02  0.145302847251D-02
  0.144777968215D-02  0.144254418257D-02  0.143732194641D-02  0.143211294635D-02
  0.142691715511D-02  0.142173454548D-02  0.141656509031D-02  0.141140876248D-02
  0.140626553495D-02  0.140113538070D-02  0.139601827280D-02  0.139091418435D-02
  0.138582308851D-02  0.138074495850D-02  0.137567976757D-02  0.137062748905D-02
  0.136558809631D-02  0.136056156277D-02  0.135554786193D-02  0.135054696730D-02
  0.134555885248D-02  0.134058349110D-02  0.133562085686D-02  0.133067092351D-02
  0.132573366483D-02  0.132080905470D-02  0.131589706700D-02  0.131099767571D-02
  0.130611085483D-02  0.130123657843D-02  0.129637482063D-02  0.129152555561D-02
  0.128668875758D-02  0.128186440083D-02  0.127705245970D-02  0.127225290855D-02
  0.126746572185D-02  0.126269087407D-02  0.125792833978D-02  0.125317809355D-02
  0.124844011005D-02  0.124371436399D-02  0.123900083012D-02  0.123429948326D-02
  0.122961029826D-02  0.122493325006D-02  0.122026831363D-02  0.121561546398D-02
  0.121097467621D-02  0.120634592544D-02  0.120172918685D-02  0.119712443570D-02
  0.119253164727D-02  0.118795079690D-02  0.118338186000D-02  0.117882481203D-02
  0.117427962847D-02  0.116974628491D-02  0.116522475694D-02  0.116071502024D-02
  0.115621705052D-02  0.115173082356D-02  0.114725631519D-02  0.114279350128D-02
  0.113834235776D-02  0.113390286063D-02  0.112947498592D-02  0.112505870972D-02
  0.112065400819D-02  0.111626085752D-02  0.111187923396D-02  0.110750911382D-02
  0.110315047347D-02  0.109880328931D-02  0.109446753780D-02  0.109014319548D-02
  0.108583023892D-02  0.108152864473D-02  0.107723838960D-02  0.107295945027D-02
  0.106869180351D-02  0.106443542618D-02  0.106019029516D-02  0.105595638739D-02
  0.105173367989D-02  0.104752214971D-02  0.104332177394D-02  0.103913252975D-02
  0.103495439436D-02  0.103078734503D-02  0.102663135909D-02  0.102248641389D-02
  0.101835248688D-02  0.101422955554D-02  0.101011759739D-02  0.100601659003D-02
  0.100192651109D-02  0.997847338275D-03  0.993779049326D-03  0.989721622045D-03
  0.985675034287D-03  0.981639263960D-03  0.977614289025D-03  0.973600087497D-03
  0.969596637443D-03  0.965603916986D-03  0.961621904301D-03  0.957650577615D-03
  0.953689915211D-03  0.949739895424D-03  0.945800496643D-03  0.941871697310D-03
  0.937953475920D-03  0.934045811023D-03  0.930148681222D-03  0.926262065173D-03
  0.922385941584D-03  0.918520289220D-03  0.914665086896D-03  0.910820313484D-03
  0.906985947905D-03  0.903161969139D-03  0.899348356214D-03  0.895545088215D-03
  0.891752144280D-03  0.887969503600D-03  0.884197145420D-03  0.880435049038D-03
  0.876683193805D-03  0.872941559128D-03  0.869210124465D-03  0.865488869328D-03
  0.861777773283D-03  0.858076815951D-03  0.854385977005D-03  0.850705236170D-03
  0.847034573229D-03  0.843373968015D-03  0.839723400416D-03  0.836082850372D-03
  0.832452297880D-03  0.828831722988D-03  0.825221105798D-03  0.821620426466D-03
  0.818029665202D-03  0.814448802269D-03  0.810877817985D-03  0.807316692720D-03
  0.803765406898D-03  0.800223940999D-03  0.796692275553D-03  0.793170391147D-03
  0.789658268420D-03  0.786155888065D-03  0.782663230831D-03  0.779180277516D-03
  0.775707008977D-03  0.772243406121D-03  0.768789449911D-03  0.765345121363D-03
  0.761910401547D-03  0.758485271587D-03  0.755069712661D-03  0.751663706001D-03
  0.748267232891D-03  0.744880274672D-03  0.741502812737D-03  0.738134828533D-03
  0.734776303562D-03  0.731427219379D-03  0.728087557593D-03  0.724757299868D-03
  0.721436427921D-03  0.718124923523D-03  0.714822768500D-03  0.711529944732D-03
  0.708246434151D-03  0.704972218746D-03  0.701707280558D-03  0.698451601684D-03
  0.695205164273D-03  0.691967950530D-03  0.688739942712D-03  0.685521123134D-03
  0.682311474161D-03  0.679110978215D-03  0.675919617771D-03  0.672737375358D-03
  0.669564233561D-03  0.666400175018D-03  0.663245182421D-03  0.660099238517D-03
  0.656962326107D-03  0.653834428048D-03  0.650715527249D-03  0.647605606675D-03
  0.644504649344D-03  0.641412638331D-03  0.638329556762D-03  0.635255387821D-03
  0.632190114744D-03  0.629133720823D-03  0.626086189405D-03  0.623047503889D-03
  0.620017647731D-03  0.616996604442D-03  0.613984357585D-03  0.610980890781D-03
  0.607986187703D-03  0.605000232080D-03  0.602023007696D-03  0.599054498389D-03
  0.596094688053D-03  0.593143560636D-03  0.590201100140D-03  0.587267290623D-03
  0.584342116199D-03  0.581425561035D-03  0.578517609353D-03  0.575618245433D-03
  0.572727453605D-03  0.569845218259D-03  0.566971523837D-03  0.564106354837D-03
  0.561249695813D-03  0.558401531373D-03  0.555561846180D-03  0.552730624954D-03
  0.549907852468D-03  0.547093513553D-03  0.544287593092D-03  0.541490076026D-03
  0.538700947351D-03  0.535920192118D-03  0.533147795433D-03  0.530383742457D-03
  0.527628018409D-03  0.524880608562D-03  0.522141498244D-03  0.519410672839D-03
  0.516688117787D-03  0.513973818585D-03  0.511267760783D-03  0.508569929989D-03
  0.505880311865D-03  0.503198892130D-03  0.500525656560D-03  0.497860590984D-03
  0.495203681289D-03  0.492554913418D-03  0.489914273370D-03  0.487281747198D-03
  0.484657321014D-03  0.482040980985D-03  0.479432713334D-03  0.476832504340D-03
  0.474240340339D-03  0.471656207723D-03  0.469080092939D-03  0.466511982494D-03
  0.463951862947D-03  0.461399720917D-03  0.458855543077D-03  0.456319316158D-03
  0.453791026948D-03  0.451270662290D-03  0.448758209086D-03  0.446253654292D-03
  0.443756984923D-03  0.441268188049D-03  0.438787250799D-03  0.436314160358D-03
  0.433848903967D-03  0.431391468924D-03  0.428941842587D-03  0.426500012368D-03
  0.424065965738D-03  0.421639690222D-03  0.419221173408D-03  0.416810402935D-03
  0.414407366504D-03  0.412012051872D-03  0.409624446852D-03  0.407244539316D-03
  0.404872317195D-03  0.402507768474D-03  0.400150881199D-03  0.397801643472D-03
  0.395460043452D-03  0.393126069359D-03  0.390799709468D-03  0.388480952112D-03
  0.386169785685D-03  0.383866198635D-03  0.381570179471D-03  0.379281716759D-03
  0.377000799123D-03  0.374727415247D-03  0.372461553872D-03  0.370203203797D-03
  0.367952353879D-03  0.365708993037D-03  0.363473110245D-03  0.361244694537D-03
  0.359023735005D-03  0.356810220801D-03  0.354604141135D-03  0.352405485276D-03
  0.350214242552D-03  0.348030402351D-03  0.345853954118D-03  0.343684887359D-03
  0.341523191639D-03  0.339368856581D-03  0.337221871869D-03  0.335082227246D-03
  0.332949912514D-03  0.330824917534D-03  0.328707232228D-03  0.326596846578D-03
  0.324493750624D-03  0.322397934467D-03  0.320309388268D-03  0.318228102247D-03
  0.316154066686D-03  0.314087271925D-03  0.312027708365D-03  0.309975366468D-03
  0.307930236755D-03  0.305892309810D-03  0.303861576273D-03  0.301838026850D-03
  0.299821652304D-03  0.297812443459D-03  0.295810391202D-03  0.293815486478D-03
  0.291827720295D-03  0.289847083721D-03  0.287873567887D-03  0.285907163983D-03
  0.283947863262D-03  0.281995657035D-03  0.280050536680D-03  0.278112493632D-03
  0.276181519390D-03  0.274257605513D-03  0.272340743623D-03  0.270430925403D-03
  0.268528142600D-03  0.266632387021D-03  0.264743650536D-03  0.262861925076D-03
  0.260987202636D-03  0.259119475272D-03  0.257258735105D-03  0.255404974316D-03
  0.253558185148D-03  0.251718359911D-03  0.249885490973D-03  0.248059570768D-03
  0.246240591792D-03  0.244428546605D-03  0.242623427829D-03  0.240825228149D-03
  0.239033940316D-03  0.237249557142D-03  0.235472071504D-03  0.233701476341D-03
  0.231937764659D-03  0.230180929525D-03  0.228430964070D-03  0.226687861492D-03
  0.224951615051D-03  0.223222218071D-03  0.221499663941D-03  0.219783946115D-03
  0.218075058113D-03  0.216372993515D-03  0.214677745971D-03  0.212989309194D-03
  0.211307676961D-03  0.209632843116D-03  0.207964801566D-03  0.206303546287D-03
  0.204649071316D-03  0.203001370760D-03  0.201360438788D-03  0.199726269638D-03
  0.198098857611D-03  0.196478197077D-03  0.194864282469D-03  0.193257108289D-03
  0.191656669104D-03  0.190062959549D-03  0.188475974323D-03  0.186895708194D-03
  0.185322155996D-03  0.183755312630D-03  0.182195173065D-03  0.180641732336D-03
  0.179094985545D-03  0.177554927865D-03  0.176021554531D-03  0.174494860850D-03
  0.172974842196D-03  0.171461494010D-03  0.169954811802D-03  0.168454791149D-03
  0.166961427697D-03  0.165474717162D-03  0.163994655327D-03  0.162521238044D-03
  0.161054461233D-03  0.159594320885D-03  0.158140813059D-03  0.156693933882D-03
  0.155253679554D-03  0.153820046340D-03  0.152393030579D-03  0.150972628677D-03
  0.149558837110D-03  0.148151652426D-03  0.146751071241D-03  0.145357090243D-03
  0.143969706191D-03  0.142588915911D-03  0.141214716305D-03  0.139847104342D-03
  0.138486077064D-03  0.137131631583D-03  0.135783765083D-03  0.134442474820D-03
  0.133107758121D-03  0.131779612385D-03  0.130458035083D-03  0.129143023758D-03
  0.127834576026D-03  0.126532689574D-03  0.125237362162D-03  0.123948591623D-03
  0.122666375864D-03  0.121390712863D-03  0.120121600673D-03  0.118859037418D-03
  0.117603021298D-03  0.116353550586D-03  0.115110623628D-03  0.113874238844D-03
  0.112644394729D-03  0.111421089852D-03  0.110204322857D-03  0.108994092460D-03
  0.107790397455D-03  0.106593236710D-03  0.105402609168D-03  0.104218513846D-03
  0.103040949838D-03  0.101869916315D-03  0.100705412519D-03  0.995474377740D-04
  0.983959914755D-04  0.972510730976D-04  0.961126821902D-04  0.949808183801D-04
  0.938554813708D-04  0.927366709430D-04  0.916243869545D-04  0.905186293404D-04
  0.894193981136D-04  0.883266933646D-04  0.872405152618D-04  0.861608640519D-04
  0.850877400596D-04  0.840211436885D-04  0.829610754205D-04  0.819075358165D-04
  0.808605255165D-04  0.798200452398D-04  0.787860957849D-04  0.777586780301D-04
  0.767377929335D-04  0.757234415331D-04  0.747156249473D-04  0.737143443747D-04
  0.727196010947D-04  0.717313964672D-04  0.707497319334D-04  0.697746090156D-04
  0.688060293174D-04  0.678439945240D-04  0.668885064026D-04  0.659395668022D-04
  0.649971776541D-04  0.640613409719D-04  0.631320588521D-04  0.622093334736D-04
  0.612931670989D-04  0.603835620732D-04  0.594805208256D-04  0.585840458686D-04
  0.576941397987D-04  0.568108052965D-04  0.559340451269D-04  0.550638621394D-04
  0.542002592682D-04  0.533432395326D-04  0.524928060370D-04  0.516489619711D-04
  0.508117106105D-04  0.499810553165D-04  0.491569995367D-04  0.483395468047D-04
  0.475287007409D-04  0.467244650524D-04  0.459268435333D-04  0.451358400651D-04
  0.443514586166D-04  0.435737032442D-04  0.428025780926D-04  0.420380873944D-04
  0.412802354707D-04  0.405290267312D-04  0.397844656747D-04  0.390465568889D-04
  0.383153050509D-04  0.375907149277D-04  0.368727913758D-04  0.361615393420D-04
  0.354569638635D-04  0.347590700680D-04  0.340678631741D-04  0.333833484916D-04
  0.327055314215D-04  0.320344174565D-04  0.313700121813D-04  0.307123212724D-04
  0.300613504990D-04  0.294171057228D-04  0.287795928984D-04  0.281488180737D-04
  0.275247873898D-04  0.269075070816D-04  0.262969834780D-04  0.256932230020D-04
  0.250962321713D-04  0.245060175982D-04  0.239225859899D-04  0.233459441492D-04
  0.227760989743D-04  0.222130574592D-04  0.216568266942D-04  0.211074138658D-04
  0.205648262572D-04  0.200290712488D-04  0.195001563179D-04  0.189780890395D-04
  0.184628770865D-04  0.179545282296D-04  0.174530503381D-04  0.169584513800D-04
  0.164707394221D-04  0.159899226304D-04  0.155160092707D-04  0.150490077083D-04
  0.145889264089D-04  0.141357739385D-04  0.136895589637D-04  0.132502902524D-04
  0.128179766736D-04  0.123926271980D-04  0.119742508980D-04  0.115628569487D-04
  0.111584546273D-04  0.107610533140D-04  0.103706624922D-04  0.998729174864D-05
  0.961095077396D-05  0.924164936281D-05  0.887939741426D-05  0.852420493209D-05
  0.817608202513D-05  0.783503890757D-05  0.750108589927D-05  0.717423342608D-05
  0.685449202020D-05  0.654187232046D-05  0.623638507267D-05  0.593804112996D-05
  0.564685145308D-05  0.536282711076D-05  0.508597928003D-05  0.481631924656D-05
  0.455385840498D-05  0.429860825924D-05  0.405058042296D-05  0.380978661972D-05
  0.357623868347D-05  0.334994855880D-05  0.313092830136D-05  0.291919007816D-05
  0.271474616794D-05  0.251760896151D-05  0.232779096210D-05  0.214530478573D-05
  0.197016316156D-05  0.180237893222D-05  0.164196505423D-05  0.148893459830D-05
  0.134330074971D-05  0.120507680870D-05  0.107427619080D-05  0.950912427218D-06
  0.834999165209D-06  0.726550168435D-06  0.625579317345D-06  0.532100609547D-06
  0.446128160184D-06  0.367676202313D-06  0.296759087282D-06  0.233391285111D-06
  0.177587384878D-06  0.129362095097D-06  0.887302441138D-07  0.557067804832D-07
  0.303067733667D-07  0.125454129204D-07  0.243801068891D-08  0.115871305110D-18
