        2213   0        2.05448        1077.16
        0   1	 
  -0.839636516697976D-001  -0.117597683907791       -0.144682562960550
  -0.168836124227232       -0.191322448042173       -0.212728993012933
  -0.233373725540460       -0.253446626879679       -0.273069529410095
  -0.292324896763371       -0.311271002008707       -0.329950497782005
  -0.348395546854728       -0.366630993438019       -0.384676498187198
  -0.402547876156469       -0.420258053770835       -0.437817802204485
  -0.455236166179290       -0.472520849005289       -0.489678472136972
  -0.506714799007525       -0.523634868246272       -0.540443119214844
  -0.557143516275270       -0.573739568654689       -0.590234474006952
  -0.606631107170857       -0.622932055519279       -0.639139729192605
  -0.655256285757455       -0.671283743921725       -0.687223942092668
  -0.703078618355773       -0.718849347460522       -0.734537626029839
  -0.750144824916562       -0.765672248600087       -0.781121117919809
  -0.796492558218639       -0.811787670568928       -0.827007464563984
  -0.842152896740795       -0.857224879607705       -0.872224281266340
  -0.887151927302001       -0.902008589103992       -0.916795019541133
  -0.931511925856964       -0.946159989561103       -0.960739858310050
  -0.975252152478702       -0.989697476274275        -1.00407639523103
   -1.01838944760433        -1.03263718332652        -1.04682009110545
   -1.06093867508770        -1.07499340651056        -1.08895350537716
   -1.10275277397941        -1.11639625081281        -1.12989119378685
   -1.14324432704363        -1.15646160748939        -1.16954874079759
   -1.18251087573524        -1.19535272409592        -1.20807879076551
   -1.22069311983740        -1.23319948320099        -1.24560142334901
   -1.25790227143563        -1.27010497418926        -1.28221247869462
   -1.29422741962810        -1.30615228873826        -1.31798944671859
   -1.32974101734789        -1.34140915643564        -1.35299568048767
   -1.36450249168434        -1.37593129375210        -1.38728371186924
   -1.39856119857292        -1.40976529342942        -1.42089729633765
   -1.43195855373847        -1.44295026087333        -1.45387356237539
   -1.46472956756677        -1.47551932962060        -1.48624387167581
   -1.49690415462954        -1.50750100954516        -1.51803537815744
   -1.52850807654254        -1.53891984462481        -1.54927146631644
   -1.55956367582432        -1.56979713621376        -1.57997251207324
   -1.59009047916776        -1.60015162744900        -1.61015651767490
   -1.62010574556356        -1.62999987511787        -1.63983934972234
   -1.64962473130720        -1.65935650464992        -1.66903513604283
   -1.67866108282131        -1.68823478147192        -1.69775660208331
   -1.70722703016462        -1.71664645793442        -1.72601520058088
   -1.73533371816209        -1.74460231808974        -1.75382135052576
   -1.76299119580776        -1.77211217225735        -1.78118459365917
   -1.79020876991101        -1.79918500709718        -1.80811360775241
   -1.81699487118008        -1.82582909368066        -1.83461656871770
   -1.84335746144142        -1.85205216448386        -1.86070086810900
   -1.86930385946726        -1.87786134579544        -1.88637364345676
   -1.89484089753601        -1.90326339026041        -1.91164136536916
   -1.91997503825906        -1.92826462332053        -1.93651033333917
   -1.94471238074698        -1.95287097767678        -1.96098633549976
   -1.96905866439034        -1.97708817495811        -1.98507503363989
   -1.99301941410768        -2.00092158686548        -2.00878166813890
   -2.01659987511995        -2.02437639573343        -2.03211140074094
   -2.03980505540969        -2.04745760505649        -2.05506910677414
   -2.06263981782025        -2.07016991426041        -2.07765955458905
   -2.08510887135175        -2.09251803811172        -2.09988724271217
   -2.10721664451791        -2.11450640466174        -2.12175668346045
   -2.12896764272687        -2.13613940858738        -2.14327214228360
   -2.15036602790513        -2.15742122854318        -2.16443789823134
   -2.17141608810563        -2.17835607100924        -2.18525796705739
   -2.19212185472207        -2.19894801372809        -2.20573641255065
   -2.21248738604897        -2.21920090797503        -2.22587725294005
   -2.23251651505602        -2.23911879379337        -2.24568431483048
   -2.25221319909856        -2.25870549417042        -2.26516143467325
   -2.27158115203747        -2.27796477842788        -2.28431244677088
   -2.29062429064568        -2.29690044458347        -2.30314104341467
   -2.30934622354727        -2.31551612109008        -2.32165087345751
   -2.32775061874396        -2.33381549572383        -2.33984564401472
   -2.34584120380544        -2.35180231618240        -2.35772904958079
   -2.36362157190623        -2.36948006131871        -2.37530463747103
   -2.38109533534241        -2.38685242143845        -2.39257595823754
   -2.39826606460370        -2.40392295552572        -2.40954662254441
   -2.41513736464218        -2.42066860233188        -2.42610901331663
   -2.43146010676128        -2.43672375476027        -2.44190186248327
   -2.44699586113990        -2.45200748682463        -2.45693842166709
   -2.46179017730733        -2.46656422336139        -2.47126189423411
   -2.47588467999593        -2.48043396939728        -2.48491107954382
   -2.48931729316036        -2.49365385989655        -2.49792199610922
   -2.50212288886081        -2.50625756263933        -2.51032723951364
   -2.51433302826455        -2.51827600220410        -2.52215720651952
   -2.52597745375642        -2.52973786314045        -2.53343947482683
   -2.53708305180279        -2.54066952841554        -2.54419997577391
   -2.54767489035954        -2.55109548866523        -2.55446231428302
   -2.55777638492813        -2.56103827297018        -2.56424899065719
   -2.56740896464838        -2.57051925267017        -2.57358033213699
   -2.57659298776884        -2.57955799805696        -2.58247583377895
   -2.58534724633485        -2.58817294009586        -2.59095352896601
   -2.59368945516290        -2.59638146026736        -2.59903014673221
   -2.60163607947425        -2.60419982088072        -2.60672191446201
   -2.60920290329336        -2.61164327332996        -2.61404359650624
   -2.61640439470861        -2.61872616686669        -2.62100941403168
   -2.62325461756201        -2.62546225372969        -2.62763274459712
   -2.62976660106192        -2.63186427295772        -2.63392621827811
   -2.63595287483430        -2.63794468587753        -2.63990207526538
   -2.64182533542508        -2.64371498867824        -2.64557147123126
   -2.64739518284257        -2.64918637027056        -2.65094552934406
   -2.65267310010467        -2.65436932740680        -2.65603461601366
   -2.65766944203407        -2.65927395876723        -2.66084868888835
   -2.66239393749984        -2.66390997382732        -2.66539729405319
   -2.66685600442066        -2.66828670585934        -2.66968942671164
   -2.67106478596797        -2.67241282502673        -2.67373408805115
   -2.67502872616442        -2.67629711426414        -2.67753959561435
   -2.67875630980543        -2.67994774075260        -2.68111406525587
   -2.68225555735524        -2.68337260796912        -2.68446541413433
   -2.68553421047806        -2.68657938256033        -2.68760119033154
   -2.68859978303810        -2.68957550750722        -2.69052865268451
   -2.69145946886437        -2.69236821433802        -2.69325504210544
   -2.69412029776987        -2.69496423556969        -2.69578709840092
   -2.69658911980277        -2.69737054552724        -2.69813161594074
   -2.69887256188968        -2.69959360567966        -2.70029498245468
   -2.70097694237316        -2.70163970678871        -2.70228350828852
   -2.70290857415580        -2.70351512596177        -2.70410337733522
   -2.70467355169697        -2.70522584926621        -2.70576050290216
   -2.70627772218082        -2.70677772970700        -2.70726073810310
   -2.70772695572113        -2.70817658813869        -2.70860984699900
   -2.70902691919325        -2.70942797132145        -2.70981325816601
   -2.71018298282933        -2.71053735080742        -2.71087653297069
   -2.71120067848394        -2.71151005328157        -2.71180485391079
   -2.71208523851241        -2.71235136084802        -2.71260348987125
   -2.71284181405088        -2.71306638419654        -2.71327752842181
   -2.71347543146911        -2.71366013797365        -2.71383197226822
   -2.71399106885684        -2.71413754973150        -2.71427170544261
   -2.71439358922058        -2.71450347331022        -2.71460149286832
   -2.71468780464850        -2.71476263438355        -2.71482606916788
   -2.71487839016790        -2.71491964212761        -2.71495012435581
   -2.71496987398052        -2.71497917856014        -2.71497809518746
   -2.71496687124650        -2.71494562448605        -2.71491453140693
   -2.71487378401394        -2.71482346567508        -2.71476383699356
   -2.71469496341259        -2.71461705880575        -2.71453029896667
   -2.71443474346334        -2.71433065167498        -2.71421815563037
   -2.71409735025754        -2.71396846368288        -2.71383164254159
   -2.71368695978408        -2.71353464554957        -2.71337484715324
   -2.71320767801910        -2.71303328451036        -2.71285184883982
   -2.71266351617389        -2.71246841035417        -2.71226666517747
   -2.71205845896698        -2.71184393490352        -2.71162323475348
   -2.71139648755367        -2.71116382527850        -2.71092541376636
   -2.71068139307007        -2.71043190253522        -2.71017708115383
   -2.70991706737389        -2.70965199474741        -2.70938199070639
   -2.70910720890363        -2.70882778525755        -2.70854385544173
   -2.70825555436820        -2.70796301659535        -2.70766637632798
   -2.70736576690050        -2.70706132123931        -2.70675317156362
   -2.70644145011983        -2.70612545150312        -2.70579880375971
   -2.70546027497437        -2.70511012942230        -2.70474862833231
   -2.70437602975081        -2.70399258957541        -2.70359856041251
   -2.70319419179492        -2.70277973124265        -2.70235542328370
   -2.70192148453888        -2.70147815850260        -2.70102570085486
   -2.70056434584207        -2.70009432499064        -2.69961586775977
   -2.69912920058948        -2.69863451167655        -2.69813203608341
   -2.69762201648846        -2.69710467008370        -2.69658021218434
   -2.69604881395999        -2.69551070212265        -2.69496611045633
   -2.69441524481063        -2.69385827434236        -2.69329540109312
   -2.69272686181173        -2.69215285451418        -2.69157351443888
   -2.69098909043864        -2.69039978175346        -2.68980573640576
   -2.68920716282912        -2.68860427087156        -2.68799720257148
   -2.68738616065050        -2.68677134804781        -2.68615288781621
   -2.68553100816372        -2.68490587832874        -2.68427764663287
   -2.68364652814652        -2.68301265294009        -2.68237622210319
   -2.68173739130143        -2.68109632028040        -2.68045319005611
   -2.67980813665577        -2.67916135986338        -2.67851298670295
   -2.67786321072968        -2.67721216345557        -2.67656002518943
   -2.67590692787846        -2.67525304198507        -2.67459850000047
   -2.67394347450865        -2.67328810833682        -2.67263255649778
   -2.67197696633394        -2.67132148268531        -2.67066624614869
   -2.67001139816407        -2.66935708090587        -2.66870345439169
   -2.66805064412233        -2.66739880252660        -2.66674806179650
   -2.66609854291763        -2.66545040237161        -2.66480376236802
   -2.66415876135488        -2.66351555641219        -2.66287424983916
   -2.66223497352858        -2.66159787030766        -2.66096305185961
   -2.66033065217162        -2.65970083629331        -2.65907368821827
   -2.65844932319291        -2.65782789119803        -2.65720951433444
   -2.65659430121174        -2.65598237463793        -2.65537389487541
   -2.65476892383139        -2.65416759010748        -2.65357001694687
   -2.65297636477517        -2.65238671668838        -2.65180116016171
   -2.65121981762236        -2.65064281220473        -2.65007030980162
   -2.64950237093304        -2.64893908552220        -2.64838057450028
   -2.64782695790091        -2.64727835379927        -2.64673489827698
   -2.64619663444604        -2.64566369011924        -2.64513617844860
   -2.64461420630291        -2.64409786066778        -2.64358723505681
   -2.64308245605880        -2.64258366293776        -2.64209091896090
   -2.64160429231860        -2.64112390769568        -2.64064987362013
   -2.64018229073197        -2.63972122762959        -2.63926678731940
   -2.63881908504779        -2.63837822229798        -2.63794426976276
   -2.63751731176213        -2.63709746892811        -2.63668484054069
   -2.63627949963187        -2.63588151705766        -2.63549101597966
   -2.63510809295787        -2.63473281887550        -2.63436525988294
   -2.63400553794501        -2.63365374793529        -2.63330995089060
   -2.63297421924453        -2.63264667020190        -2.63232739643310
   -2.63201644257333        -2.63171389824659        -2.63141987192650
   -2.63113445446105        -2.63085771371424        -2.63058973465887
   -2.63033060506936        -2.63008039411529        -2.62983913935988
   -2.62960696121752        -2.62938394855062        -2.62917013818797
   -2.62896565024479        -2.62877060478187        -2.62858502399442
   -2.62840893554483        -2.62824245002831        -2.62808565812967
   -2.62793862746810        -2.62780148370760        -2.62767424996818
   -2.62755698649785        -2.62744972052379        -2.62735258418362
   -2.62726576863894        -2.62718916780974        -2.62712286642404
   -2.62706696237462        -2.62702160838950        -2.62698679832148
   -2.62696258518335        -2.62694902484392        -2.62694624723760
   -2.62695433788118        -2.62697328632986        -2.62700309206685
   -2.62704405597855        -2.62709610236737        -2.62715920014369
   -2.62723353288032        -2.62731925355008        -2.62741621644255
   -2.62752452328574        -2.62764447871966        -2.62777586544350
   -2.62791873938046        -2.62807348026975        -2.62823983237697
   -2.62841785494372        -2.62860791658440        -2.62880976083022
   -2.62902350148596        -2.62924940565565        -2.62948725533128
   -2.62973727213844        -2.62999952554595        -2.63027387892820
   -2.63056071798120        -2.63085981340894        -2.63117133088663
   -2.63149535171507        -2.63183177038546        -2.63218098575861
   -2.63254264450650        -2.63291711943236        -2.63330427709297
   -2.63370417944994        -2.63411706975287        -2.63454265315377
   -2.63498141430223        -2.63543300090385        -2.63589779623384
   -2.63637554765859        -2.63686662444532        -2.63737073941641
   -2.63788825087747        -2.63841898042371        -2.63896311274313
   -2.63952063301172        -2.64009163166949        -2.64067606734524
   -2.64127417469336        -2.64188572985787        -2.64251107661956
   -2.64314998497524        -2.64380276739850        -2.64446915964134
   -2.64514962059498        -2.64584370752501        -2.64655197365222
   -2.64727400031423        -2.64801014739423        -2.64876034982983
   -2.64952453488821        -2.65030306411180        -2.65109552604618
   -2.65190247834577        -2.65272357970495        -2.65355896835414
   -2.65440882093013        -2.65527286244092        -2.65615161436492
   -2.65704472098052        -2.65795229163173        -2.65887457348495
   -2.65981128298018        -2.66076277287422        -2.66172895495747
   -2.66270963782353        -2.66370539664361        -2.66471581767851
   -2.66574092867222        -2.66678122575275        -2.66783622658249
   -2.66890612120786        -2.66998997245281        -2.67108141831878
   -2.67217985085854        -2.67328541918250        -2.67439817488907
   -2.67551817101823        -2.67664565699401        -2.67778070856840
   -2.67892326622780        -2.68007361649702        -2.68123186159366
   -2.68239799496252        -2.68357215219561        -2.68475446328173
   -2.68594511225608        -2.68714399162426        -2.68835129578467
   -2.68956720425733        -2.69079174916543        -2.69202502505618
   -2.69326700176477        -2.69451796921601        -2.69577796682270
   -2.69704705050805        -2.69832527216966        -2.69961269692432
   -2.70090957756885        -2.70221589016724        -2.70353176109071
   -2.70485714676483        -2.70619223541363        -2.70753705801791
   -2.70889186266886        -2.71025661085130        -2.71163129584680
   -2.71301612184580        -2.71441101597948        -2.71581621205905
   -2.71723175039491        -2.71865776160146        -2.72009422030110
   -2.72154120077704        -2.72299882409648        -2.72446707709461
   -2.72594615588345        -2.72743597584379        -2.72893684738205
   -2.73044865032860        -2.73197155941627        -2.73350553025465
   -2.73505069669494        -2.73660710473235        -2.73817480297328
   -2.73975391234893        -2.74134440911369        -2.74294647784678
   -2.74456003518019        -2.74618531669313        -2.74782219038400
   -2.74947093206080        -2.75113144464672        -2.75280389721699
   -2.75448823605158        -2.75618459712332        -2.75789299509299
   -2.75961349953820        -2.76134618460616        -2.76309106348885
   -2.76484825937509        -2.76661773666008        -2.76839966112781
   -2.77019395544869        -2.77200081801952        -2.77382014784671
   -2.77565215687265        -2.77749673069414        -2.77935409183439
   -2.78122411027739        -2.78310702532876        -2.78500268453249
   -2.78691133266138        -2.78883284048822        -2.79076746527064
   -2.79271508743742        -2.79467585210057        -2.79664970627449
   -2.79863678125358        -2.80063704029064        -2.80265059952967
   -2.80467743889707        -2.80671765487125        -2.80877124323621
   -2.81083828349754        -2.81291878555605        -2.81501281349494
   -2.81712039949181        -2.81924174180746        -2.82137671923870
   -2.82352538041912        -2.82568775184152        -2.82786388238432
   -2.83005379503149        -2.83225754064706        -2.83447513797181
   -2.83670674171936        -2.83895239549130        -2.84121203748924
   -2.84348566382356        -2.84577335372788        -2.84807508364700
   -2.85039095041291        -2.85272106717762        -2.85506552516993
   -2.85742413804264        -2.85979704492375        -2.86218414261646
   -2.86458561295277        -2.86700151998869        -2.86943199262502
   -2.87187676870814        -2.87433604445888        -2.87680966592521
   -2.87929798235516        -2.88180092618392        -2.88431850684989
   -2.88685053422506        -2.88939723167585        -2.89195864886945
   -2.89453498110186        -2.89712589884509        -2.89973155286873
   -2.90235187000478        -2.90498738908526        -2.90763764150855
   -2.91030267131145        -2.91298250781557        -2.91567753897452
   -2.91838754596428        -2.92111234640887        -2.92385212271146
   -2.92660714300969        -2.92937726784915        -2.93216224103302
   -2.93496233896771        -2.93777781972683        -2.94060839567038
   -2.94345392533115        -2.94631485060035        -2.94919109637878
   -2.95208243399603        -2.95498891605691        -2.95791106254382
   -2.96084840790157        -2.96380080715413        -2.96676895896074
   -2.96975234546058        -2.97275103729204        -2.97576520421034
   -2.97879500264267        -2.98183998289143        -2.98490055551343
   -2.98797680431187        -2.99106831475874        -2.99417547575964
   -2.99729831013539        -3.00043656438197        -3.00359041043059
   -3.00676011299165        -3.00994508076433        -3.01314599407507
   -3.01636254692384        -3.01959450403065        -3.02284259272351
   -3.02610616430960        -3.02938537505293        -3.03268062278072
   -3.03599143897294        -3.03931802977840        -3.04266062291551
   -3.04601864307705        -3.04939295274785        -3.05278289809429
   -3.05618857099797        -3.05961046973570        -3.06304777493466
   -3.06650149859809        -3.06997082554196        -3.07345611371827
   -3.07695754128704        -3.08047448536824        -3.08400802770590
   -3.08755706234800        -3.09112239060656        -3.09470358870556
   -3.09830072981301        -3.10191418058492        -3.10554320770926
   -3.10918893726608        -3.11285018605532        -3.11652794062103
   -3.12022147961918        -3.12393127224979        -3.12765719230486
   -3.13139907196037        -3.13515741496034        -3.13893143794475
   -3.14272219273763        -3.14652846649095        -3.15035161947673
   -3.15419036323096        -3.15804581540166        -3.16191708845280
   -3.16580486782440        -3.16970860951645        -3.17362886052096
   -3.17756507221392        -3.18151787481934        -3.18548656249722
   -3.18947194199956        -3.19347315598234        -3.19749108953360
   -3.20152492583729        -3.20557544281346        -3.20964194169407
   -3.21372507065515        -3.21782415214468        -3.22194003806668
   -3.22607171195712        -3.23022040815205        -3.23438480717941
   -3.23856616459124        -3.24276338667553        -3.24697735063228
   -3.25120750538948        -3.25545406038715        -3.25971717528928
   -3.26399634662386        -3.26829236645491        -3.27260425694241
   -3.27693319421439        -3.28127811747081        -3.28563970399170
   -3.29001761867305        -3.29441193631486        -3.29882285330113
   -3.30324992382386        -3.30769385807507        -3.31215388058272
   -3.31663066617884        -3.32112376579142        -3.32563329746846
   -3.33015949132197        -3.33470181341594        -3.33926108383037
   -3.34383654912526        -3.34842854821262        -3.35303717738044
   -3.35766197205271        -3.36230371939747        -3.36696171357467
   -3.37163616076033        -3.37632738354647        -3.38103480338907
   -3.38575899692813        -3.39049966387566        -3.39525654664763
   -3.40003047212409        -3.40482065096101        -3.40962723683838
   -3.41445070113222        -3.41929042341053        -3.42414670232929
   -3.42901975467253        -3.43390901032823        -3.43881502499239
   -3.44373769149702        -3.44867646611410        -3.45363225460366
   -3.45860454206968        -3.46359290419216        -3.46859843114711
   -3.47362031699852        -3.47865836645039        -3.48371358019073
   -3.48878507857154        -3.49387287247280        -3.49897770119054
   -3.50409888091673        -3.50923643232340        -3.51439076150652
   -3.51956172457812        -3.52474904437017        -3.52995284301069
   -3.53517360057967        -3.54041064224512        -3.54566393183102
   -3.55093448906541        -3.55622125260425        -3.56152430839955
   -3.56684434896333        -3.57218086184757        -3.57753375729226
   -3.58290312587343        -3.58828943597506        -3.59369216970916
   -3.59911103875570        -3.60454556412269        -3.60999543790611
   -3.61546010304994        -3.62093977688219        -3.62643510567488
   -3.63194536101200        -3.63747070255753        -3.64301097227949
   -3.64856694864188        -3.65413801801269        -3.65972397339993
   -3.66532498833958        -3.67094182497569        -3.67657355279621
   -3.68222040952915        -3.68788232445451        -3.69355980485231
   -3.69925256022654        -3.70496032510520        -3.71068313729627
   -3.71642150870378        -3.72217517902372        -3.72794398913608
   -3.73372798881687        -3.73952694441808        -3.74534179189173
   -3.75117178840582        -3.75701679932031        -3.76287706073124
   -3.76875261044660        -3.77464372454639        -3.78055010355862
   -3.78647156279526        -3.79240819201633        -3.79836024853384
   -3.80432782156377        -3.81031063475414        -3.81630871040893
   -3.82232183908815        -3.82835026395979        -3.83439449692788
   -3.84045382100039        -3.84652848288134        -3.85261836071470
   -3.85872337453250        -3.86484387031873        -3.87097997020140
   -3.87713125448448        -3.88329788718400        -3.88947968524396
   -3.89567672591233        -3.90188918272514        -3.90811723656238
   -3.91436058360005        -3.92061928095816        -3.92689310532469
   -3.93318226532365        -3.93948678108304        -3.94580660935486
   -3.95214208877912        -3.95849289540380        -3.96485885215691
   -3.97124018751846        -3.97763684572843        -3.98404866521883
   -3.99047588562166        -3.99691885047294        -4.00337697279664
   -4.00985051561676        -4.01633936006932        -4.02284339436231
   -4.02936284561573        -4.03589758354157        -4.04244754285985
   -4.04901310273856        -4.05559413669771        -4.06219039340928
   -4.06880206980128        -4.07542902062572        -4.08207120725858
   -4.08872881683587        -4.09540169350160        -4.10208982202375
   -4.10879337294633        -4.11551229785334        -4.12224667943279
   -4.12899647824467        -4.13576153707297        -4.14254184748571
   -4.14933757621888        -4.15614856877647        -4.16297480883850
   -4.16981646830895        -4.17667339350784        -4.18354556267515
   -4.19043314989089        -4.19733600582706        -4.20425411443567
   -4.21118784536470        -4.21813685154217        -4.22510106360807
   -4.23208068882639        -4.23907560180515        -4.24608569755233
   -4.25311120427594        -4.26015200827998        -4.26720798199645
   -4.27427935744134        -4.28136603315867        -4.28846787614043
   -4.29558510453061        -4.30271764570523        -4.30986533265627
   -4.31702839386374        -4.32420679451164        -4.33140029496797
   -4.33860916750473        -4.34583338356191        -4.35307270024352
   -4.36032736071756        -4.36759736199203        -4.37488247993893
   -4.38218289951825        -4.38949865989800        -4.39682955544618
   -4.40417570502679        -4.41153719323182        -4.41891386202928
   -4.42630572637918        -4.43371291901750        -4.44113530095224
   -4.44857280608741        -4.45602563896701        -4.46349369949503
   -4.47097682229548        -4.47847528916036        -4.48598902311367
   -4.49351776140339        -4.50106181030156        -4.50862112438414
   -4.51619546565115        -4.52378505523858        -4.53138990565844
   -4.53900981726273        -4.54664490048344        -4.55429524317658
   -4.56196068649414        -4.56964121792413        -4.57733700501854
   -4.58504792646538        -4.59277387428064        -4.60051505300833
   -4.60827140090444        -4.61604272539297        -4.62382924543393
   -4.63163095177931        -4.63944762574112        -4.64727943133535
   -4.65512641915400        -4.66298842246108        -4.67086545458458
   -4.67875766757250        -4.68666495425684        -4.69458715470161
   -4.70252465759480        -4.71047739384842        -4.71844499463046
   -4.72642773302892        -4.73442558728381        -4.74243835366711
   -4.75046614913884        -4.75850905720299        -4.76656694022756
   -4.77463972613255        -4.78272761973396        -4.79083053861580
   -4.79894827605804        -4.80708108638072        -4.81522912081582
   -4.82339214190733        -4.83157015373527        -4.83976320716363
   -4.84797116238441        -4.85619396309361        -4.86443180404323
   -4.87268459411327        -4.88095215242371        -4.88923470337459
   -4.89753222765388        -4.90584480441360        -4.91417241678973
   -4.92251500331029        -4.93087243287126        -4.93924462414464
   -4.94763177759445        -4.95603382086867        -4.96445055975931
   -4.97288219527437        -4.98132897330184        -4.98979073526574
   -4.99826727036605        -5.00675871215478        -5.01526495699993
   -5.02378585448549        -5.03232162139547        -5.04087222536185
   -5.04943764326466        -5.05801820068789        -5.06661359951954
   -5.07522371572760        -5.08384844867206        -5.09248800561696
   -5.10114232998625        -5.10981121043596        -5.11849539442210
   -5.12719439996065        -5.13590804562762        -5.14463626260699
   -5.15337925054677        -5.16213694090297        -5.17090916829958
   -5.17969670140862        -5.18849894618207        -5.19731575818792
   -5.20614709173019        -5.21499313340087        -5.22385382145595
   -5.23272939797546        -5.24161984772739        -5.25052494685572
   -5.25944454875246        -5.26837860636160        -5.27732730872316
   -5.28629109348514        -5.29526947539953        -5.30426243814633
   -5.31326998852553        -5.32229198917715        -5.33132835904516
   -5.34038005883361        -5.34944633319846        -5.35852690333972
   -5.36762196020138        -5.37673153941545        -5.38585592576594
   -5.39499503139684        -5.40414865122014        -5.41331673219585
   -5.42249907086796        -5.43169599962048        -5.44090805157343
   -5.45013446757477        -5.45937509530452        -5.46863013876267
   -5.47789977828522        -5.48718437019220        -5.49648321245158
   -5.50579645384736        -5.51512402828354        -5.52446605435214
   -5.53382301730115        -5.54319432362656        -5.55257986779237
   -5.56197949040657        -5.57139409886120        -5.58082333194023
   -5.59026665761166        -5.59972415611549        -5.60919603063572
   -5.61868304957238        -5.62818404740543        -5.63769928035888
   -5.64722873619272        -5.65677298365898        -5.66633159925365
   -5.67590442412871        -5.68549141340417        -5.69509275775204
   -5.70470886435631        -5.71433913808098        -5.72398350276606
   -5.73364191978752        -5.74331538874541        -5.75300296335169
   -5.76270455167036        -5.77242002395743        -5.78215070322092
   -5.79189543346080        -5.80165404685307        -5.81142659453374
   -5.82121433695083        -5.83101607132032        -5.84083157596219
   -5.85066115252445        -5.86050580278314        -5.87036435822622
   -5.88023665048568        -5.89012320533754        -5.90002461356582
   -5.90993984646649        -5.91986877375154        -5.92981225630100
   -5.93977026473887        -5.94974199285712        -5.95972744065576
   -5.96972779677482        -5.97974225228626        -5.98977031922209
   -5.99981234275032        -6.00986931322296        -6.01994003247999
   -6.03002431474540        -6.04012312997122        -6.05023628041343
   -6.06036311735204        -6.07050354313902        -6.08065899883043
   -6.09082817012222        -6.10101094848639        -6.11120804846696
   -6.12141941321594        -6.13164443943729        -6.14188326421904
   -6.15213671716119        -6.16240382586373        -6.17268454381465
   -6.18297991930198        -6.19328899950969        -6.20361168651779
   -6.21394872642229        -6.22429979472718        -6.23466433519245
   -6.24504284993011        -6.25543595420418        -6.26584232636663
   -6.27626224984145        -6.28669711862869        -6.29714541061632
   -6.30760694274830        -6.31808327412871        -6.32857323379750
   -6.33907658157866        -6.34959424988822        -6.36012573579818
   -6.37067061662051        -6.38122984381124        -6.39180276620235
   -6.40238904868984        -6.41298962232973        -6.42360411638601
   -6.43423171567466        -6.44487353430771        -6.45552938242916
   -6.46619844213496        -6.47688143748917        -6.48757846287576
   -6.49828872459873        -6.50901313385810        -6.51975123042985
   -6.53050254076196        -6.54126819256648        -6.55204749142738
   -6.56283973884866        -6.57364650155033        -6.58446681094038
   -6.59529859437876        -6.60613959616939        -6.61698896712826
   -6.62784663707937        -6.63871350607073        -6.64958843115831
   -6.66047191608613        -6.67136453287022        -6.68226536215053
   -6.69317477221508        -6.70409313624789        -6.71501980362493
   -6.72595556967422        -6.73689977098775        -6.74785230964551
   -6.75881440203154        -6.76978477763381        -6.78076365269231
   -6.79175174773507        -6.80274821738607        -6.81375382841332
   -6.82476801532880        -6.83579059317253        -6.84682285258453
   -6.85786347218877        -6.86891277729724        -6.87997126322198
   -6.89103818577095        -6.90211455705619        -6.91319940848566
   -6.92429293399538        -6.93539598168136        -6.94650745429558
   -6.95762810174206        -6.96875756715679        -6.97989570529176
   -6.99104350649900        -7.00219962193047        -7.01336495109020
   -7.02453932289019        -7.03572236985841        -7.04691502441091
   -7.05811598774765        -7.06932644633264        -7.08054589043789
   -7.09177409947139        -7.10301171970515        -7.11425787801914
   -7.12551374102142        -7.13677838989594        -7.14805190705870
   -7.15933487758173        -7.17062638972100        -7.18192791798856
   -7.19323779856034        -7.20455707945239        -7.21588554796070
   -7.22722292229325        -7.23856988897808        -7.24992524795115
   -7.26129061679648        -7.27266470541808        -7.28404814648793
   -7.29544066447003        -7.30684214838838        -7.31825343382702
   -7.32967325163388        -7.34110291883303        -7.35254124787242
   -7.36398925875208        -7.37544638081600        -7.38691253083217
   -7.39838819513661        -7.40987267604928        -7.42136720355425
   -7.43287017965145        -7.44438307178093        -7.45590476066266
   -7.46743617463266        -7.47897669543492        -7.49052633286143
   -7.50208553707221        -7.51365374040324        -7.52523186330255
   -7.53681841901810        -7.54841520193393        -7.56002057733001
   -7.57163608799036        -7.58326030183497        -7.59489416515184
   -7.60653719214897        -7.61818979490637        -7.62985175827203
   -7.64152281160595        -7.65320354705214        -7.66489335369858
   -7.67659310765731        -7.68830150278427        -7.70001999291952
   -7.71174712259100        -7.72348467856679        -7.73523072692681
   -7.74698687165511        -7.75875174595166        -7.77052682677649
   -7.78231074107358        -7.79410450013893        -7.80590720664455
   -7.81771985747044        -7.82954166381658        -7.84137314710699
   -7.85321374185367        -7.86506405896861        -7.87692376905982
   -7.88879308238330        -7.90067162058704        -7.91255969674304
   -7.92445732989131        -7.93636447841585        -7.94828110015666
   -7.96020701613772        -7.97214259083906        -7.98408766106066
   -7.99604231139453        -8.00800625542466        -8.01997977467107
   -8.03196284519773        -8.04395549964467        -8.05595760309987
   -8.06796908973934        -8.07999023591508        -8.09202087489108
   -8.10406121964335        -8.11611072399589        -8.12817002089269
   -8.14023863868576        -8.15231720025511        -8.16440485424071
   -8.17650236985859        -8.18860894824472        -8.20072579979914
   -8.21285149543381        -8.22498743078077        -8.23713195915197
   -8.24928715917146        -8.26145097669520        -8.27362529015524
   -8.28580817134351        -8.29800140675607        -8.31020366032889
   -8.32241601462199        -8.33463747955534        -8.34686865108097
   -8.35910940081487        -8.37135971352503        -8.38361985277947
   -8.39588899387417        -8.40816828655315        -8.42045652204837
   -8.43275526762389        -8.44506262444766        -8.45738039751172
   -8.46970700540802        -8.48204390986462        -8.49438999595347
   -8.50674579407459        -8.51911106486798        -8.53148583770963
   -8.54387064327157        -8.55626444904176        -8.56866850023624
   -8.58108124455095        -8.59350465208198        -8.60593694558124
   -8.61837931504880        -8.63083084928461        -8.64329204523269
   -8.65576316183705        -8.66824338744966        -8.68073391016656
   -8.69323302454770        -8.70574280160115        -8.71826153588684
   -8.73079028956481        -8.74332839433105        -8.75587585888955
   -8.76843349679234        -8.78099996952737        -8.79357715144670
   -8.80616291768628        -8.81875887957414        -8.83136425538226
   -8.84397917920665        -8.85660407536733        -8.86923765322424
   -8.88188199384945        -8.89453515516292        -8.90719848791667
   -8.91987114863868        -8.93255308972895        -8.94524526291551
   -8.95794626631032        -8.97065794434542        -8.98337841668478
   -8.99610867640040        -9.00884872621230        -9.02159787007246
   -9.03435757406091        -9.04712591024160        -9.05990442167058
   -9.07269239026783        -9.08548975456134        -9.09829736455114
   -9.11111361516518        -9.12394031765151        -9.13677624311410
   -9.14962174569696        -9.16247730031210        -9.17534151214348
   -9.18821632517516        -9.20110023579110        -9.21399380240731
   -9.22689733510380        -9.23980953888852        -9.25273237678555
   -9.26566430791483        -9.27860584962039        -9.29155738542222
   -9.30451761842430        -9.31748839006667        -9.33046835802931
   -9.34345778642420        -9.35645736041938        -9.36946563705481
   -9.38248424615452        -9.39551227651850        -9.40854949640274
   -9.42159712572727        -9.43465346476404        -9.44771981720910
   -9.46079591922242        -9.47388091318800        -9.48697654044987
   -9.50008095249599        -9.51319493268639        -9.52631912430106
   -9.53945221194798        -9.55259541473119        -9.56574791665067
   -9.57890942013839        -9.59208170761042        -9.60526289111469
   -9.61845355953123        -9.63165416410805        -9.64486371830112
   -9.65808345508648        -9.67131274478410        -9.68455085680197
   -9.69779946829214        -9.71105712704656        -9.72432414804124
   -9.73760153767621        -9.75088774718343        -9.76418359365092
   -9.77748935451869        -9.79080405330671        -9.80412901356702
   -9.81746333225959        -9.83080639439241        -9.84416012735752
   -9.85752292499489        -9.87089490562452        -9.88427733078244
   -9.89766849339660        -9.91106916649104        -9.92448005182575
   -9.93789986202472        -9.95132944681596        -9.96476869359148
   -9.97821685380724        -9.99167511827929        -10.0051430058396
   -10.0186198092882        -10.0321066691210        -10.0456028887461
   -10.0591080745795        -10.0726237492771        -10.0861486066951
   -10.0996821993932        -10.1132263459637        -10.1267795718944
   -10.1403417433614        -10.1539146340766        -10.1674963106641
   -10.1810868533639        -10.1946881000799        -10.2082982945082
   -10.2219175174328        -10.2355472594137        -10.2491857364028
   -10.2628332805121        -10.2764914685258        -10.2901585830357
   -10.3038346545058        -10.3175210986963        -10.3312165172550
   -10.3449208954939        -10.3586359410292        -10.3723599253007
   -10.3860926176524        -10.3998358119245        -10.4135881312528
   -10.4273493917653        -10.4411209806621        -10.4549016695912
   -10.4686911767606        -10.4824908610822        -10.4963000213401
   -10.5101181086382        -10.5239459797766        -10.5377833540513
   -10.5516297010622        -10.5654856600094        -10.5793516100609
   -10.5932264294887        -10.6071102855726        -10.6210044640569
   -10.6349075927014        -10.6488196535542        -10.6627422601193
   -10.6766736751326        -10.6906139263382        -10.7045643639440
   -10.7185242111181        -10.7324929760845        -10.7464713002191
   -10.7604592955860        -10.7744562549852        -10.7884624060806
   -10.8024788991603        -10.8165042515523        -10.8305383278005
   -10.8445826764010        -10.8586362681057        -10.8726987846747
   -10.8867709621400        -10.9008527795575        -10.9149434037913
   -10.9290431038493        -10.9431532620357        -10.9572723225102
   -10.9714002028571        -10.9855378754762        -10.9996850474235
   -11.0138411445072        -11.0280064977510        -11.0421820023072
   -11.0563662347996        -11.0705593015803        -11.0847624973692
   -11.0989750420704        -11.1131964798119        -11.1274270589296
   -11.1416676090236        -11.1559170983978        -11.1701755080123
   -11.1844438929551        -11.1987216385061        -11.2130080981214
   -11.2273035633849        -11.2416093817847        -11.2559241032888
   -11.2702477080411        -11.2845808439457        -11.2989235039306
   -11.3132750931317        -11.3276355887010        -11.3420062864467
   -11.3563860608326        -11.3707745340507        -11.3851720931571
   -11.3995798721198        -11.4139965370507        -11.4284220710859
   -11.4428570522253        -11.4573015827410        -11.4717550253370
   -11.4862173650532        -11.5006896251537        -11.5151711922784
   -11.5296614478994        -11.5441605084327        -11.5586698220062
   -11.5731881776760        -11.5877153907540        -11.6022514666803
   -11.6167976079668        -11.6313526455577        -11.6459165625887
   -11.6604896027720        -11.6750727088596        -11.6896645007235
   -11.7042650360276        -11.7188748408199        -11.7334946193085
   -11.7481232345334        -11.7627606495025        -11.7774071084719
   -11.7920634584495        -11.8067286712755        -11.8214027325336
   -11.8360860412480        -11.8507791161227        -11.8654808357016
   -11.8801914290088        -11.8949112159162        -11.9096409463279
   -11.9243794792039        -11.9391266361121        -11.9538827407325
   -11.9686489536893        -11.9834239922303        -11.9982078465635
   -12.0130005006410        -12.0278030900627        -12.0426145387967
   -12.0574348280750        -12.0722639396735        -12.0871029654002
   -12.1019509823593        -12.1168075735745        -12.1316727085820
   -12.1465470181498        -12.1614303670938        -12.1763221235581
   -12.1912221221666        -12.2061307654793        -12.2210488694963
   -12.2359754085055        -12.2509103678190        -12.2658537308447
   -12.2808064204787        -12.2957676609769        -12.3107373508833
   -12.3257154689820        -12.3407025970809        -12.3556987631961
   -12.3707031559515        -12.3857159472512        -12.4007371727270
   -12.4157680963632        -12.4308074332316        -12.4458550633802
   -12.4609109427451        -12.4759758100782        -12.4910498098116
   -12.5061322192412        -12.5212230160630        -12.5363220718931
   -12.5514304603154        -12.5665474719540        -12.5816728976408
   -12.5968067191518        -12.6119491559911        -12.6271008386547
   -12.6422608015424        -12.6574291899025        -12.6726059893187
   -12.6877917388952        -12.7029865183280        -12.7181895173289
   -12.7334008139622        -12.7486205322596        -12.7638494419813
   -12.7790871636873        -12.7943332213775        -12.8095874763319
   -12.8248500553026        -12.8401219646895        -12.8554025500606
   -12.8706915092240        -12.8859888111717        -12.9012942472795
   -12.9166090023797        -12.9319323940240        -12.9472641657166
   -12.9626042976014        -12.9779527744465        -12.9933102460598
   -13.0086763751614        -13.0240508941032        -13.0394337803092
   -13.0548250218115        -13.0702253288020        -13.0856341725128
   -13.1010513679838        -13.1164769429590        -13.1319108857424
   -13.1473536750542        -13.1628053895021        -13.1782652557903
   -13.1937334545267        -13.2092100265114        -13.2246951028483
   -13.2401894935534        -13.2556921489788        -13.2712029706605
   -13.2867220978623        -13.3022495858004        -13.3177862450347
   -13.3333315239493        -13.3488850613281        -13.3644467513632
   -13.3800167292385        -13.3955953316900        -13.4111831089738
   -13.4267791966738        -13.4423835425660        -13.4579960277865
   -13.4736167902392        -13.4892465882602        -13.5048851006174
   -13.5205319242068        -13.5361870201325        -13.5518502205703
   -13.5675216762085        -13.5832024570949        -13.5988916376135
   -13.6145891182123        -13.6302948757714        -13.6460087128187
   -13.6617308850343        -13.6774623446901        -13.6932021082341
   -13.7089501541784        -13.7247064762669        -13.7404708998756
   -13.7562436594686        -13.7720256178298        -13.7878158768153
   -13.8036144173850        -13.8194212226749        -13.8352361441731
   -13.8510592637514        -13.8668916476501        -13.8827323204769
   -13.8985812626480        -13.9144384570274        -13.9303038005269
   -13.9461772460907        -13.9620597865188        -13.9779507774431
   -13.9938500300956        -14.0097575322363        -14.0256732147773
   -14.0415969485185        -14.0575293582439        -14.0734705840336
   -14.0894200650236        -14.1053777794537        -14.1213436982201
   -14.1373176420747        -14.1532997826496        -14.1692910694966
   -14.1852906757360        -14.2012985075275        -14.2173145534473
   -14.2333386434953        -14.2493708619916        -14.2654115312561
   -14.2814611708088        -14.2975190310178        -14.3135850958350
   -14.3296592382364        -14.3457414500620        -14.3618318809119
   -14.3779308550100        -14.3940386416364        -14.4101546162790
   -14.4262787150178        -14.4424108491808        -14.4585511433441
   -14.4746996543556        -14.4908566098794        -14.5070224075794
   -14.5231963527676        -14.5393783257640        -14.5555683755287
   -14.5717666410536        -14.5879731060187        -14.6041877522001
   -14.6204114018537        -14.6366431407875        -14.6528828514976
   -14.6691307692639        -14.6853868706944        -14.7016511386532
   -14.7179235660682        -14.7342045168754        -14.7504938235228
   -14.7667912768425        -14.7830969105624        -14.7994107075466
   -14.8157326512029        -14.8320627216755        -14.8484007571244
   -14.8647474108934        -14.8811024716387        -14.8974656866723
   -14.9138370336900        -14.9302164990920        -14.9466040029102
   -14.9629994654486        -14.9794030371233        -14.9958152934862
   -15.0122359377853        -15.0286646966607        -15.0451015344803
   -15.0615463144281        -15.0779991026002        -15.0944600352684
   -15.1109290920329        -15.1274065206857        -15.1438925352906
   -15.1603865641038        -15.1768884852693        -15.1933985169309
   -15.2099166593608        -15.2264428959669        -15.2429772169572
   -15.2595196073718        -15.2760703775625        -15.2926293852736
   -15.3091964985848        -15.3257717044403        -15.3423549851600
   -15.3589463178959        -15.3755456137041        -15.3921528089364
   -15.4087680594490        -15.4253918610979        -15.4420239742510
   -15.4586641342522        -15.4753123158058        -15.4919683937915
   -15.5086323967695        -15.5253044729797        -15.5419846090941
   -15.5586727901527        -15.5753691344756        -15.5920740130707
   -15.6087866784820        -15.6255073790456        -15.6422361340734
   -15.6589729237094        -15.6757177264656        -15.6924705311901
   -15.7092312026988        -15.7259997649276        -15.7427765257808
   -15.7595617904421        -15.7763550693117        -15.7931563441656
   -15.8099655646836        -15.8267826198898        -15.8436075856723
   -15.8604405749110        -15.8772815729180        -15.8941305614691
   -15.9109875185325        -15.9278528942681        -15.9447261210119
   -15.9616073627800        -15.9784966027083        -15.9953938174048
   -16.0122989965335        -16.0292121300305        -16.0461330693836
   -16.0630618513130        -16.0799985995787        -16.0969433277805
   -16.1138964023026        -16.1308576243129        -16.1478267424834
   -16.1648036379501        -16.1817883895931        -16.1987811119243
   -16.2157817869917        -16.2327903941233        -16.2498069210792
   -16.2668313256992        -16.2838634379835        -16.3009034657400
   -16.3179518477048        -16.3350082980058        -16.3520726632350
   -16.3691449284324        -16.3862249951340        -16.4033127896279
   -16.4204084946979        -16.4375121282962        -16.4546236711108
   -16.4717431016535        -16.4888704087725        -16.5060054564676
   -16.5231482613310        -16.5402994402587        -16.5574585643065
   -16.5746255695546        -16.5918004467549        -16.6089831608194
   -16.6261735991401        -16.6433717829331        -16.6605778609823
   -16.6777918218636        -16.6950136508893        -16.7122433311951
   -16.7294808372131        -16.7467259616794        -16.7639789020659
   -16.7812401240366        -16.7985092647435        -16.8157862398667
   -16.8330710426061        -16.8503636142097        -16.8676638534935
   -16.8849718627295        -16.9022877218858        -16.9196114206262
   -16.9369429431749        -16.9542822740278        -16.9716293519850
   -16.9889840399583        -17.0063465188279        -17.0237168367376
   -17.0410950801836        -17.0584814338539        -17.0758755664523
   -17.0932774287470        -17.1106868676018        -17.1281041014329
   -17.1455291416642        -17.1629619714318        -17.1804025852955
   -17.1978509672075        -17.2153070187037        -17.2327706886481
   -17.2502421032487        -17.2677213120095        -17.2852082988826
   -17.3027030478198        -17.3202055367893        -17.3377157132950
   -17.3552335621049        -17.3727593992831        -17.3902930064134
   -17.4078343633680        -17.4253834543708        -17.4429402715338
   -17.4605047346170        -17.4780767484205        -17.4956564802241
   -17.5132439599480        -17.5308391775280        -17.5484421166444
   -17.5660527617929        -17.5836710134216        -17.6012968225705
   -17.6189303195277        -17.6365715505331        -17.6542204968187
   -17.6718771368965        -17.6895414645105        -17.7072134497407
   -17.7248928964752        -17.7425803206979        -17.7602754476887
   -17.7779782665679        -17.7956887672712        -17.8134069334787
   -17.8311327058945        -17.8488659596704        -17.8666068419586
   -17.8843554172230        -17.9021116713196        -17.9198755852084
   -17.9376471390334        -17.9554262800267        -17.9732129176121
   -17.9910071317578        -18.0088090195677        -18.0266185581938
   -18.0444357364841        -18.0622605457346        -18.0800929707133
   -18.0979328112283        -18.1157802130714        -18.1336352621948
   -18.1514979520704        -18.1693682671942        -18.1872461939662
   -18.2051317117144        -18.2230246898789        -18.2409253419795
   -18.2588336291204        -18.2767495347095        -18.2946730386188
   -18.3126041250723        -18.3305427826460        -18.3484889340919
   -18.3664424700661        -18.3844036160564        -18.4023723546550
   -18.4203486825978        -18.4383325822047        -18.4563240390599
   -18.4743229655794        -18.4923292869630        -18.5103431468268
   -18.5283645905948        -18.5463936041231        -18.5644301664675
   -18.5824742629402        -18.6005258421331        -18.6185848091182
   -18.6366512449515        -18.6547252442890        -18.6728067875468
   -18.6908958638447        -18.7089924650228        -18.7270965753052
   -18.7452080255078        -18.7633268939665        -18.7814532943775
   -18.7995872302767        -18.8177286858881        -18.8358776451637
   -18.8540340868876        -18.8721979074276        -18.8903690833918
   -18.9085477491483        -18.9267339305369        -18.9449276082458
   -18.9631287684029        -18.9813374017602        -18.9995534958057
   -19.0177768098194        -19.0360075858813        -19.0542458528234
   -19.0724916062938        -19.0907448305163        -19.1090055113471
   -19.1272736346420        -19.1455490276812        -19.1638317690726
   -19.1821219855681        -19.2004196722719        -19.2187248095999
   -19.2370373744321        -19.2553573673125        -19.2736847373772
   -19.2920192920500        -19.3103613055070        -19.3287107622443
   -19.3470676505657        -19.3654319636714        -19.3838036857852
   -19.4021828030353        -19.4205691135976        -19.4389627586401
   -19.4573638388027        -19.4757723402136

