        2000   0.000000000000000          3.185815776        628.0965821
   0        1
    0.364558349840668       -0.563220222203083
  -0.721949444492292       -0.858241667384377       -0.979415209714925
   -1.08941779347171        -1.19068814055637        -1.28486521402119
   -1.37311342692275        -1.45630608905348        -1.53510894841099
   -1.61005253638791        -1.68156317285333        -1.74999483248644
   -1.81563775729911        -1.87874171044699        -1.93951769873396
   -1.99814916889157        -2.05479889759711        -2.10960124020326
   -2.16268452329687        -2.21415984841960        -2.26411936956334
   -2.31265954698131        -2.35985444836793        -2.40577814141762
   -2.45049866505900        -2.49407372319352        -2.53656101972268
   -2.57800964602532        -2.61846783222806        -2.65797777969167
   -2.69657824476789        -2.73431142881750        -2.77120747566962
   -2.80730083541469        -2.84262251313410        -2.87719748514340
   -2.91105675652399        -2.94422271983464        -2.97672035139092
   -3.00857204375161        -3.03979588321419        -3.07041598484196
   -3.10044785117561        -3.12991215226940        -3.15882352941176
   -3.18719920764792        -3.21505382826630        -3.24240203255534
   -3.26925673929894        -3.29563431229007        -3.32154508655585
   -3.34700025837568        -3.37201360778572        -3.39659460856085
   -3.42075617948497        -3.44450607182844        -3.46785289811386
   -3.49080957712514        -3.51338213762811        -3.53558005339764
   -3.55741279820860        -3.57888898458358        -3.60001291878391
   -3.62079407458445        -3.64124106450779        -3.66135819481526
   -3.68115321677719        -3.70063388166394        -3.71980449573680
   -3.73867194901387        -3.75723968650418        -3.77551804323486
   -3.79350960296271        -3.81121953320127        -3.82865386271639
   -3.84581603651710        -3.86271294462148        -3.87934803203858
   -3.89572474377745        -3.91184996985617        -3.92772715528378
   -3.94335974506933        -3.95875204547412        -3.97390922401171
   -3.98883214193437        -4.00352682800792        -4.01799586598915
   -4.03224356213935        -4.04627422271983        -4.06008870898286
   -4.07369218844199        -4.08708810610628        -4.10027818448023
   -4.11326414606838        -4.12605201963655        -4.13864266643700
   -4.15104039273103        -4.16324692102317        -4.17526483507019
   -4.18709671862889        -4.19874687796055        -4.21021445181294
   -4.22150374644733        -4.23261820687279        -4.24355869434157
   -4.25432693135819        -4.26492550167944        -4.27535957281888
   -4.28562656101972        -4.29573163379554        -4.30567651365085
   -4.31546206183791        -4.32509086211351        -4.33456463698217
   -4.34388424769615        -4.35305400051675        -4.36207389544398
   -4.37094651623461        -4.37967100163638        -4.38825424166738
   -4.39669537507536        -4.40499267935578        -4.41315132202222
   -4.42117216432693        -4.42905692877444        -4.43680819912152
   -4.44442511411592        -4.45191025751443        -4.45926362931703
   -4.46648953578503        -4.47358883817070        -4.48055981396951
   -4.48740590819051        -4.49412884333821        -4.50073120316941
   -4.50720782017053        -4.51356902936870        -4.51980966325037
   -4.52593316682456        -4.53193954009129        -4.53783136680734
   -4.54360864697270        -4.54927310309190        -4.55482645766945
   -4.56026871070537        -4.56560072345190        -4.57082594091809
   -4.57594177934717        -4.58094996124365        -4.58585479286883
   -4.59065455171820        -4.59534837653949        -4.59994143484627
   -4.60443372663853        -4.60882352941177        -4.61311428817501
   -4.61730428042374        -4.62139695116700        -4.62539402290931
   -4.62929377314615        -4.63309534062527        -4.63680475411248
   -4.64041942985100        -4.64394195159762        -4.64737059684782
   -4.65070794935837        -4.65395400912927        -4.65711222116958
   -4.66017914047024        -4.66315735078805        -4.66604771337525
   -4.66885281198863        -4.67156920161915        -4.67420032727586
   -4.67674791146327        -4.67921023167686        -4.68158901042115
   -4.68388510894841        -4.68609766600637        -4.68822754284730
   -4.69027904573250        -4.69224872965292        -4.69413831711308
   -4.69594953061752        -4.69768150891396        -4.69933511325467
   -4.70091292739643        -4.70241322883473        -4.70383601756955
   -4.70518387735768        -4.70645680819912        -4.70765481009388
   -4.70877874429420        -4.70982947205236        -4.71080613211610
   -4.71171216949445        -4.71254500043063        -4.71330634742916
   -4.71399707174231        -4.71461717337008        -4.71516751356472
   -4.71564895357850        -4.71606149341142        -4.71640341055895
   -4.71667901128240        -4.71688829558178        -4.71702867970028
   -4.71710446989923        -4.71711222116958        -4.71705537852037
   -4.71693308069934        -4.71674360520196        -4.71649298079407
   -4.71617690121437        -4.71579622771510        -4.71535354405305
   -4.71484885022823        -4.71428042373611        -4.71365257083800
   -4.71296098527259        -4.71220911204892        -4.71139522866248
   -4.71052278012230        -4.70959004392387        -4.70859615881492
   -4.70754456980450        -4.70643355438808        -4.70526483507019
   -4.70403668934631        -4.70275170097322        -4.70140986995091
   -4.70001033502713        -4.69855481870640        -4.69704245973646
   -4.69547239686504        -4.69384979760572        -4.69217035569718
   -4.69043493239170        -4.68864611144604        -4.68680303160796
   -4.68490655412970        -4.68295409525450        -4.68094909999139
   -4.67889156834037        -4.67678150030144        -4.67461889587460
   -4.67240461631212        -4.67013607785720        -4.66781758677117
   -4.66545000430626        -4.66302644044441        -4.66055636896047
   -4.65803548359314        -4.65546378434243        -4.65284127120834
   -4.65017138919990        -4.64744897080355        -4.64468004478512
   -4.64186116613556        -4.63899491861166        -4.63607957970890
   -4.63311859443631        -4.63010679528034        -4.62704848850228
   -4.62394281284988        -4.62079149082766        -4.61759366118336
   -4.61434760141245        -4.61105675652399        -4.60772026526570
   -4.60433640513306        -4.60090775988287        -4.59743432951511
   -4.59391611402980        -4.59035225217466        -4.58674532770648
   -4.58309447937301        -4.57939626216519        -4.57565670484885
   -4.57187322366721        -4.56804667987253        -4.56417793471708
   -4.56026440444406        -4.55630953406253        -4.55230987856343
   -4.54827060546034        -4.54418826974421        -4.54006459391956
   -4.53589785548187        -4.53169149944019        -4.52744208078546
   -4.52315304452674        -4.51882180690724        -4.51445095168375
   -4.51003961760400        -4.50558780466799        -4.50109551287572
   -4.49656360347946        -4.49199207647920        -4.48738179312721
   -4.48273189217122        -4.47804237361123        -4.47331409869951
   -4.46854620618379        -4.46374127982086        -4.45889759710619
   -4.45401601929205        -4.44909654637843        -4.44413831711308
   -4.43914219274826        -4.43410903453622        -4.42903884247696
   -4.42393247782275        -4.41878735681681        -4.41360520196366
   -4.40838773576781        -4.40313495822927        -4.39784342433899
   -4.39251744035828        -4.38715528378262        -4.38175695461201
   -4.37632245284644        -4.37085177848592        -4.36534837653949
   -4.35980880199811        -4.35423219360951        -4.34862113513048
   -4.34297648781328        -4.33729997416243        -4.33158384290759
   -4.32583584531909        -4.32005512014469        -4.31423994487985
   -4.30838859702007        -4.30250452157437        -4.29658857979502
   -4.29063818792524        -4.28465420721729        -4.27863836017570
   -4.27258806304367        -4.26650589957799        -4.26039014727414
   -4.25424425114116        -4.24806218241323        -4.24184996985617
   -4.23560589096546        -4.22932994574111        -4.22302127293084
   -4.21668159503919        -4.21031005081388        -4.20390577900267
   -4.19747136336233        -4.19100594264060        -4.18450951683748
   -4.17798122470071        -4.17142364998708        -4.16483248643528
   -4.15821376281113        -4.15156317285333        -4.14488243906640
   -4.13817156145035        -4.13143054000517        -4.12466023598312
   -4.11785806562742        -4.11102833519938        -4.10416846094221
   -4.09727844285591        -4.09035914219275        -4.08341055895272
   -4.07643269313582        -4.06942812849884        -4.06239169752821
   -4.05532684523297        -4.04823443286539        -4.04111187666868
   -4.03396176039962        -4.02678322280596        -4.01957884764448
   -4.01234174489708        -4.00508052708638        -3.99779002669882
   -3.99047024373439        -3.98312462320214        -3.97574972009302
   -3.96834897941607        -3.96091895616226        -3.95346309534063
   -3.94597881319438        -3.93846783222806        -3.93093015244165
   -3.92336749633968        -3.91577641891310        -3.90815692016192
   -3.90051244509517        -3.89284213246060        -3.88514339850142
   -3.87742054947894        -3.86967014038412        -3.86189389372147
   -3.85409094823874        -3.84626388769271        -3.83840840582207
   -3.83052794763586        -3.82262337438636        -3.81469210231677
   -3.80673671518388        -3.79875462923090        -3.79074584445784
   -3.78271552837826        -3.77465679097408        -3.76657479975885
   -3.75846697097580        -3.75033416587719        -3.74217724571527
   -3.73399621049005        -3.72578847644475        -3.71755748858841
   -3.70930324692102        -3.70102316768582        -3.69271897338731
   -3.68439238653001        -3.67603910085264        -3.66766256136422
   -3.65926362931703        -3.65083972095427        -3.64239255878047
   -3.63392042029110        -3.62542588924296        -3.61690724313151
   -3.60836534320903        -3.59980018947550        -3.59121264318319
   -3.58260184307984        -3.57396606666092        -3.56530789768323
   -3.55662733614676        -3.54792352079924        -3.53919817414521
   -3.53044871242787        -3.52167685815175        -3.51288261131685
   -3.50406424941866        -3.49522607871846        -3.48636379295496
   -3.47748169838946        -3.46857462750840        -3.45964602532082
   -3.45069675307898        -3.44172422702610        -3.43273016966670
   -3.42371458100077        -3.41467573852381        -3.40561536474033
   -3.39653518215485        -3.38743174575833        -3.37830763930755
   -3.36916286280251        -3.35999569373870        -3.35080785462062
   -3.34159762294376        -3.33236672121264        -3.32311342692275
   -3.31384204633537        -3.30454913444148        -3.29523382998880
   -3.28589785548187        -3.27654207217294        -3.26716389630523
   -3.25776763414004        -3.24834897941607        -3.23891137714237
   -3.22945052105762        -3.21997243992765        -3.21047196623891
   -3.20095168374817        -3.19141159245543        -3.18185169236069
   -3.17227198346396        -3.16266988200844        -3.15304969425545
   -3.14341055895272        -3.13375075359573        -3.12407027818448
   -3.11437085522349        -3.10465162346051        -3.09491344414779
   -3.08515373352855        -3.07537765911636        -3.06558005339764
   -3.05576350012919        -3.04592713805874        -3.03607096718629
   -3.02619843252089        -3.01630608905348        -3.00639221427956
   -2.99646197571269        -2.98651192834381        -2.97654034966842
   -2.96655412970459        -2.95654637843424        -2.94652140211868
   -2.93647661700112        -2.92641374558608        -2.91633192662131
   -2.90623374386358        -2.89611402979933        -2.88597709068986
   -2.87582206528292        -2.86564981483076        -2.85545689432435
   -2.84524761002498        -2.83501937817587        -2.82477392128154
   -2.81450951683748        -2.80422702609594        -2.79392817156145
   -2.78361036947722        -2.77327361984325        -2.76292136766859
   -2.75254930669193        -2.74216174317458        -2.73175350960296
   -2.72133063474292        -2.71088795108087        -2.70042976487813
   -2.68995435363018        -2.67945827232796        -2.66894841098958
   -2.65841960210146        -2.64787356816812        -2.63731030918956
   -2.62673068641805        -2.61613383860133        -2.60551976573938
   -2.59488760657997        -2.58424080613212        -2.57357419688227
   -2.56289294634398        -2.55219447076049        -2.54147963138403
   -2.53074584445784        -2.51999741624322        -2.50923348548790
   -2.49845146843510        -2.48765050383257        -2.47683748169839
   -2.46600551201447        -2.45515803978985        -2.44429248126776
   -2.43341228145724        -2.42251485660150        -2.41160192920506
   -2.40067263801567        -2.38972698303333        -2.37876582551029
   -2.36778830419430        -2.35679441908535        -2.34578503143571
   -2.33475927999311        -2.32371716475756        -2.31265954698131
   -2.30158728791663        -2.29049780380674        -2.27939367840841
   -2.26827232796486        -2.25713719748514        -2.24598570321247
   -2.23481784514684        -2.22363534579278        -2.21243734389803
   -2.20122470071484        -2.18999397123417        -2.17875032296960
   -2.16749117216433        -2.15621651881836        -2.14492636293170
   -2.13361984325209        -2.12230040478856        -2.11096460253208
   -2.09961329773491        -2.08824821290156        -2.07686590302300
   -2.06547153561278        -2.05406080440961        -2.04263629317027
   -2.03119541813797        -2.01973990181724        -2.00826888295582
   -1.99678666781500        -1.98528636637671        -1.97377228490225
   -1.96224356213935        -1.95069847558350        -1.93914219274826
   -1.92756954612006        -1.91598225820343        -1.90438119025062
   -1.89276548100939        -1.88113426922746        -1.86949099991387
   -1.85783222805960        -1.84615881491689        -1.83447162173801
   -1.82276892601843        -1.81105245026268        -1.79932391697528
   -1.78758074239945        -1.77582206528292        -1.76404960813022
   -1.75226250968909        -1.74046335371630        -1.72864955645509
   -1.71682284040996        -1.70498062182413        -1.69312462320214
   -1.68125484454397        -1.66937214710189        -1.65747394711911
   -1.64556455085695        -1.63364051330635        -1.62170269571958
   -1.60975195934889        -1.59778744294204        -1.58581000775127
   -1.57381707001981        -1.56181121350444        -1.54979243820515
   -1.53775988286969        -1.52571440875032        -1.51365601584704
   -1.50158298165533        -1.48949788993196        -1.47739901817242
   -1.46528722762897        -1.45316165704935        -1.44102316768582
   -1.42887175953837        -1.41670657135475        -1.40452932563948
   -1.39233916114030        -1.38013435535268        -1.36791835328568
   -1.35568857118250        -1.34344587029541        -1.33119111187667
   -1.31892171216949        -1.30664111618293        -1.29434674016019
   -1.28204030660580        -1.26972181551977        -1.25738868314529
   -1.24504349323917        -1.23268710705366        -1.22031694083197
   -1.20793471707863        -1.19553871328912        -1.18313065196796
   -1.17071139436741        -1.15827749547843        -1.14583326156231
   -1.13337524761002        -1.12090517612609        -1.10842390836276
   -1.09592886056326        -1.08342175523211        -1.07090086986478
   -1.05837051072259        -1.04582723279649        -1.03327189733873
   -1.02070364309706        -1.00812247007148       -0.995530100766514
  -0.982925673929894       -0.970309189561623       -0.957680647661700
  -0.945040048230127       -0.932387391266902       -0.919723538024287
  -0.907046765997761       -0.894358797691844       -0.881657910602015
  -0.868945827232796       -0.856221944707605       -0.843486435276893
  -0.830739471191112       -0.817978985444837       -0.805208250796658
  -0.792426147618637       -0.779631556282835       -0.766826199293773
  -0.754007320644217       -0.741178623718887       -0.728338041512359
  -0.715486090775988       -0.702622254758419       -0.689745930583068
  -0.676859357505813       -0.663961415898717       -0.651052105761778
  -0.638131340969770       -0.625197657393851       -0.612254241667384
  -0.599299457411076       -0.586332787873568       -0.573355266557575
  -0.560365859960382       -0.547365773835156       -0.534354577555766
  -0.521332271122212       -0.508298682284041       -0.495252863663767
  -0.482197054517268       -0.469130135216605       -0.456052191887004
  -0.442963224528464       -0.429862113513048       -0.416751098096633
  -0.403629058651279       -0.390496081302213       -0.377352252174662
  -0.364196451640686       -0.351030746705710       -0.337854189992249
  -0.324666867625527       -0.311468607355094       -0.298258547928688
  -0.285038842476961       -0.271808371371975       -0.258567134613728
  -0.245315046076996       -0.232051589010421       -0.218778313668073
  -0.205494272672466       -0.192199810524503       -0.178894668848506
  -0.165577900266988       -0.152251571785376       -0.138914822151408
  -0.125567565239859       -0.112209714925502       -0.988404960813022D-001
  -0.854617862371889D-001  -0.720726207906296D-001  -0.586730944793730D-001
  -0.452631900783740D-001  -0.318418826974421D-001  -0.184112479545259D-001
  -0.497030402204806D-002   0.848094048746878D-002   0.219424683489794D-001
   0.354152786151064D-001   0.488972870553785D-001   0.623895443975540D-001
   0.758919817414521D-001   0.894045301868917D-001   0.102928343811903
   0.116461286710878        0.130004306261304        0.143557402463181
   0.157120661441736        0.170694858324003        0.184278184480234
   0.197871415037464        0.211474808371372        0.225088019981052
   0.238712341744897        0.252345534407028        0.265988545344932
   0.279641632934286        0.293304538799414        0.306978296443028
   0.320660924984928        0.334353371802601        0.348055464645595
   0.361767461889587        0.375490310912066        0.389221772457153
   0.402963052278012        0.416713891998967        0.430474636120920
   0.444246059770907        0.458025837567824        0.471815433640513
   0.485614675738524        0.499423477736629        0.513242873137542
   0.527070881061063        0.540908276634226        0.554755318232710
   0.568611661355611        0.582478597881319        0.596354146929636
   0.610238911377142        0.624133494100422        0.638037206097666
   0.651951166996813        0.665873826543795        0.679805701489966
   0.693747308586685        0.707697614331238        0.721658685729050
   0.735627939023340        0.749606407716820        0.763594005684265
   0.777590819050900        0.791598484196021        0.805613728361037
   0.819638187925243        0.833671776763414        0.847714667126001
   0.861768150891396        0.875828955301008        0.889899233485488
   0.903978985444837        0.918067349926794        0.932166049435880
   0.946272500215313        0.960387563517354        0.974512100594264
   0.988646111446043         1.00278873482043         1.01694083196968
    1.03110154164155         1.04527086383602         1.05944879855310
    1.07363620704504         1.08783308931186         1.10203686159676
    1.11625183016105         1.13047454999569         1.14470674360520
    1.15894668848506         1.17319524588752         1.18745327706485
    1.20171992076479         1.21599603823960         1.23027904573250
    1.24457152700026         1.25887262079063         1.27318232710361
    1.28750236844372         1.30182929980191         1.31616398243045
    1.33050986133839         1.34486176901214         1.35922487296529
    1.37359400568426         1.38797347343037         1.40236069244682
    1.41675652398588         1.43116096804754         1.44557402463181
    1.45999397123417         1.47442511411592         1.48886314701576
    1.50330979243821         1.51776418913100         1.53222805959866
    1.54669968133666         1.56117991559728         1.57566876238050
    1.59016449918181         1.60466970975799         1.61918181035225
    1.63370252346912         1.64823529411765         1.66277237102747
    1.67731806045991         1.69187494617173         1.70643613814486
    1.72100938764964         1.73558694341573         1.75017397295668
    1.76477047627250         1.77937386960641         1.79398759796744
    1.80860649384205         1.82323486349152         1.83787098441133
    1.85251485660150         1.86716820256653         1.88182843854965
    1.89649556455086         1.91117130307467         1.92585651537335
    1.94054947894238         1.95525019378176         1.96995952114374
    1.98467573852381         1.99939884592197         2.01413228834726
    2.02887262079063         2.04362070450435         2.05837481698389
    2.07313926449057         2.08791232451985         2.10269141331496
    2.11747739212815         2.13227284471622         2.14707604857463
    2.16188700370338         2.17670571010249         2.19153216777194
    2.20636637671174         2.22120661441736         2.23605718715012
    2.25091378864870         2.26577900266988         2.28065110670916
    2.29553096201878         2.31042029110326         2.32531564895358
    2.34021789682198         2.35513047971751         2.37004736887434
    2.38497459305831         2.39990870726036         2.41484971148049
    2.42979760571871         2.44475411247955         2.45971837051072
    2.47469037981225         2.48966841787960         2.50465420721729
    2.51964774782534         2.53464990095599         2.54965894410473
    2.56467573852381         2.57969770045646         2.59472999741624
    2.60976746188959         2.62481353888554         2.63986650589958
    2.65492722418396         2.66999569373870         2.68507191456378
    2.70015502540694         2.71524502626819         2.73034105589527
    2.74544655929722         2.76055981396951         2.77567737490311
    2.79080354835931         2.80593661183361         2.82107742657824
    2.83622771509775         2.85138403238309         2.86654551718198
    2.88171561450349         2.89689174059082         2.91207820170528
    2.92726810782878         2.94246662647489         2.95767203513909
    2.97288433382138         2.98810696753079         3.00333304624925
    3.01856601498579         3.03380759624494         3.04905606752218
    3.06431142881750         3.07957454138317         3.09484454396693
    3.11011971406425         3.12540349668418         3.14069416932219
    3.15599345448282         3.17129618465248         3.18660838859702
    3.20192576005512         3.21725174403583         3.23258375678236
    3.24792438205150         3.26326845232969         3.27862285763500
    3.29398243045388         3.30935061579537         3.32472396865042
    3.34010335027129         3.35549134441478         3.37088708982861
    3.38628628025149         3.40169408319697         3.41711049866506
    3.43253035914219         3.44795969339420         3.46339591766428
    3.47883644819568         3.49428645250194         3.50973990181724
    3.52520454741194         3.54067263801567         3.55614761863750
    3.57162948927741         3.58711911118767         3.60261562311601
    3.61811730255792         3.63362759452244         3.64914219274826
    3.66466454224442         3.68019464301094         3.69572905003876
    3.71127206958918         3.72682025665317         3.74237533373525
    3.75793730083541         3.77350615795366         3.78908190509000
    3.80466368099216         3.82024976315563         3.83584790285075
    3.85144690379812         3.86705537852037         3.88266988200844
    3.89829041426234         3.91391869778658         3.92955128757213
    3.94519248988029         3.96083885970201         3.97649211954181
    3.99215313065197         4.00781758677117         4.02349065541297
    4.03916975282060         4.05485487899406         4.07054775643786
    4.08624407889071         4.10194815261390         4.11765911635518
    4.13337610886229         4.14910171389200         4.16482990267849
    4.18056498148308         4.19630867281027         4.21205753165102
    4.22781155800534         4.24357419688227         4.25934200327276
    4.27511411592455         4.29089397984670         4.30668245629145
    4.32247437774524         4.33827318921712         4.35407802945483
    4.36988889845836         4.38570751873224         4.40153216777194
    4.41736112307295         4.43319696839204         4.44903798122470
    4.46488674532771         4.48074239944880         4.49660235983119
    4.51246834897942         4.52834036689346         4.54422185858238
    4.56010593402808         4.57599689949186         4.59189303246921
    4.60779777796917         4.62370855223495         4.63962363276204
    4.65554474205495         4.67147274136595         4.68740590819051
    4.70334510378090         4.71929118938937         4.73524330376367
    4.75120144690380         4.76716389630523         4.78313409697700
    4.79910860391008         4.81509172336577         4.83107828783051
    4.84707260356558         4.86307294806649         4.87907759882870
    4.89508913960899         4.91110670915511         4.92712772371027
    4.94315907329257         4.95919300663164         4.97523382998880
    4.99128068211179         5.00733184049608         5.02339247265524
    5.03945568857118         5.05552665575747         5.07160106795280
    5.08768323141848         5.10377142364999         5.11986478339506
    5.13596417190595         5.15206786667815         5.16817931272070
    5.18429678752907         5.20041856859874         5.21654723968650
    5.23268021703557         5.24881836189820         5.26496598053570
    5.28111532167772         5.29727241409009         5.31343467401602
    5.32960296270778         5.34577728016536         5.36195590388425
    5.37814141762122         5.39433209887176         5.41052794763586
    5.42673154767031         5.44293773146155         5.45915166652312
    5.47537076909827         5.49159590043924         5.50782619929377
    5.52406252691413         5.54030402204806         5.55655068469555
    5.57280251485660         5.58906123503574         5.60532426147619
    5.62159590043924         5.63787012315907         5.65414951339247
    5.67043751614848         5.68672810266127         5.70302557919215
    5.71932736198433         5.73563603479459         5.75194987511842
    5.76826802170356         5.78459305830678         5.80092153991904
    5.81725691154939         5.83359831194557         5.84994487985531
    5.86629661527862         5.88265524072001         5.89901817242270
    5.91538713289122         5.93175953836879         5.94813883386444
    5.96452157436913         5.98091206614417         5.99730858668504
    6.01370855223495         6.03011454655068         6.04652484712772
    6.06294117647059         6.07936611833606         6.09579192145379
    6.11222547584187         6.12866333649126         6.14510550340195
    6.16155456033072         6.17800964602532         6.19446903798122
    6.21093273619843         6.22740332443373         6.24387821893032
    6.26035914219275         6.27684523296874         6.29333476875377
    6.30983119455689         6.32633364912583         6.34284040995608
    6.35935233829989         6.37586857290500         6.39239083627595
    6.40891998966497         6.42545086555852         6.44199035397468
    6.45853414865214         6.47508138833864         6.49163551804324
    6.50819395400913         6.52475927999311         6.54132718973387
    6.55790026698820         6.57448281801740         6.59106623029885
    6.60765481009388         6.62424941865472         6.64085005598140
    6.65745499956937         6.67406511067092         6.69067866678150
    6.70730083541469         6.72392644905693         6.74055723021273
    6.75719145637757         6.77383257256050         6.79047713375248
    6.80712858496254         6.82378606493842         6.84044440616657
    6.85711135991732         6.87378261992938         6.89045818620274
    6.90714064249419         6.92382568254242         6.94051589010421
    6.95721040392731         6.97391180776849         6.99062010162777
    7.00733011799156         7.02404530186892         7.04076565325984
    7.05749117216433         7.07422271983464         7.09095857376626
    7.10769873395918         7.12444320041340         7.14119455688571
    7.15794935836707         7.17471018861425         7.19147446387047
    7.20824476789252         7.22501937817587         7.24180087847731
    7.25858496253553         7.27537421410731         7.29216777194040
    7.30896821979158         7.32577297390406         7.34258203427784
    7.35939626216519         7.37621393506158         7.39303677547154
    7.40986650589958         7.42669795883214         7.44353630178279
    7.46037981224701         7.47722504521574         7.49407889070709
    7.51093618120748         7.52779863922143         7.54466454224442
    7.56153475152872         7.57841357333563         7.59529497889932
    7.61218069072431         7.62906898630609         7.64596417190595
    7.66286538627164         7.67977004564637         7.69667987253466
    7.71359228317974         7.73051330634743         7.74743691327190
    7.76436482645767         7.78129790715701         7.79823443286539
    7.81517698733959         7.83212557057962         7.84907587632418
    7.86603221083455         7.88299285160624         7.89995952114374
    7.91692877443803         7.93390405649815         7.95088364481957
    7.96786753940229         7.98485746275084         8.00185255361295
    8.01884850572733         8.03585048660753         8.05285763500129
    8.06986908965636         8.08688743432952         8.10390750150719
    8.12093359745069         8.13796313840324         8.15499784686935
    8.17203686159676         8.18908104383774         8.20612953234002
    8.22318404960813         8.24023856687624         8.25730169666695
    8.27436913271897         8.29144001378004         8.30851778485919
    8.32559555593834         8.34268021703557         8.35976918439411
    8.37686331926621         8.39396348290414         8.41106450779433
    8.42817242270261         8.44528206011541         8.46239858754629
    8.47952028249074         8.49664369993971         8.51377314615451
    8.53090603737835         8.54804667987253         8.56518990612350
    8.58233657738351         8.59948927740935         8.61663939367841
    8.63380415123590         8.65096890879338         8.66814227887348
    8.68531564895358         8.70248901903368         8.71967100163638
    8.73686159676169         8.75405219188700         8.77124278701232
    8.78844199466024         8.80564981483076         8.82285763500129
    8.84007406769443         8.85729050038756         8.87450693308070
    8.89174059081905         8.90896563603479         8.92619929377315
    8.94344156403411         8.96068383429506         8.97793471707863
    8.99518559986220         9.01243648264577         9.02970459047455
    9.04696408578073         9.06423219360951         9.08150891396090
    9.09878563431229         9.11606235466368         9.13334768753768
    9.15064163293429         9.16794419085350         9.18523813625011
    9.20254069416932         9.21984325208854         9.23716303505297
    9.25447420549479         9.27178537593661         9.28912238394626
    9.30645077943330         9.32377917492033         9.34111618292998
    9.35846180346223         9.37580742399449         9.39315304452674
    9.41050727758160         9.42787012315907         9.44522435621393
    9.46258720179141         9.47996727241409         9.49733873051417
    9.51471880113685         9.53209887175954         9.54948755490483
    9.56687623805012         9.58427353371803         9.60167944190854
    9.61907673757644         9.63649125828955         9.65389716648006
    9.67131168719318         9.68873482042890         9.70615795366463
    9.72358108690035         9.74102144518129         9.75845319093963
    9.77589354922057         9.79334252002412         9.81079149082766
    9.82824046163121         9.84570665747998         9.86316424080613
    9.88063043665490         9.89809663250366         9.91556282835242
    9.93304624924640         9.95052967014039         9.96801309103436
    9.98550512445095         10.0029885453449         10.0204978038067
    10.0379898372233         10.0554990956851         10.0730083541469
    10.0905176126087         10.1080440961158         10.1255619671002
    10.1430798380846         10.1606149341142         10.1781414176212
    10.1956937386961         10.2132374472483         10.2307725432779
    10.2483248643528         10.2658685729050         10.2834381190251
    10.3009990526225         10.3185685987426         10.3361295323400
    10.3536990784601         10.3712772371027         10.3888553957454
    10.4064507794333         10.4240375505986         10.4416243217638
    10.4592197054517         10.4768323141848         10.4944190853501
    10.5120403066058         10.5296529153389         10.5472569115494
    10.5648867453277         10.5825079665834         10.6001378003617
    10.6177676341400         10.6354060804410         10.6530445267419
    10.6706915855654         10.6883300318663         10.7059857032125
    10.7236413745586         10.7413056584274         10.7589613297735
    10.7766342261648         10.7942898975110         10.8119714064249
    10.8296443028163         10.8473258117303         10.8650159331668
    10.8827060546034         10.9003961760400         10.9180949099991
    10.9357936439583         10.9535009904401         10.9711997243993
    10.9889242959263         11.0066230298855         11.0243476014125
    11.0420721729395         11.0597967444665         11.0775299285161
    11.0952631125657         11.1130049091379         11.1307553182327
    11.1484971148049         11.1662389113771         11.1840065455172
    11.2017483420894         11.2195159762294         11.2372749978469
    11.2550512445095         11.2728188786496         11.2905951253122
    11.3083799844975         11.3261476186375         11.3439410903454
    11.3617259495306         11.3795280337611         11.3973387305142
    11.4151322022220         11.4329342864525         11.4507449832056
    11.4685556799587         11.4863663767117         11.5041856859874
    11.5220136077857         11.5398415295840         11.5576694513823
    11.5755145982258         11.5933425200241         11.6111962793902
    11.6290242011885         11.6468779605546         11.6647403324434
    11.6825854792869         11.7004564636982         11.7183188355869
    11.7361812074757         11.7540521918870         11.7719231762983
    11.7898027732323         11.8076909826888         11.8255619671002
    11.8434587890793         11.8613556110585         11.8792438205150
    11.8971492550168         11.9150546895186         11.9329601240203
    11.9508741710447         11.9687882180691         11.9867022650934
    12.0046163121178         12.0225561967100         12.0404788562570
    12.0584101283266         12.0763500129188         12.0942726724658
    12.1122297821032         12.1301696666954         12.1481181638102
    12.1660752734476         12.1840323830850         12.2019894927224
    12.2199466023598         12.2379209370425         12.2558866592025
    12.2738609938851         12.2918353285677         12.3098182757730
    12.3278012229782         12.3457927827061         12.3637843424339
    12.3817759021617         12.3997760744122         12.4177762466626
    12.4357850314357         12.4537938162088         12.4718026009818
    12.4898286108001         12.5078373955732         12.5258634053914
    12.5438894152097         12.5619240375506         12.5799414348463
    12.5979846697098         12.6160279045733         12.6340797519593
    12.6521143743002         12.6701662216863         12.6882266815950
    12.7062871415037         12.7243389888898         12.7423994487986
    12.7604685212299         12.7785375936612         12.7966152786151
    12.8146929635690         12.8327792610456         12.8508569459995
    12.8689432434760         12.8870381534752         12.9051330634743
    12.9232279734734         12.9413228834726         12.9594350185169
    12.9775471535613         12.9956592886056         13.0137628111274
    13.0318835586943         13.0499956937387         13.0681336663509
    13.0862630264404         13.1043923865300         13.1225217466196
    13.1406683317544         13.1588063043665         13.1769442769787
    13.1950908621135         13.2132374472483         13.2314012574283
    13.2495564550857         13.2677202652657         13.2858926879683
    13.3040564981483         13.3222203083283         13.3404013435535
    13.3585737662561         13.3767634140040         13.3949444492292
    13.4131340969770         13.4313151322022         13.4495133924727
    13.4677116527431         13.4859185255361         13.5041167858066
    13.5223236585996         13.5405305313926         13.5587460167083
    13.5769615020239         13.5951855998622         13.6134096977005
    13.6316424080613         13.6498665058996         13.6680906037378
    13.6863319266213         13.7045732495048         13.7228231849109
    13.7410558952717         13.7593058306778         13.7775729911291
    13.7958315390578         13.8140814744639         13.8323400223926
    13.8505985703212         13.8688829558178         13.8871501162691
    13.9054172767203         13.9237016622169         13.9419860477134
    13.9602704332099         13.9785548187064         13.9968392042029
    14.0151408147446         14.0334338127638         14.0517354233055
    14.0700370338472         14.0883472569115         14.1066574799759
    14.1249763155628         14.1432865386272         14.1616139867367
    14.1799328223237         14.1982602704332         14.2165877185428
    14.2349151666523         14.2532512272845         14.2715959004392
    14.2899319610714         14.3082680217036         14.3266213073809
    14.3449832055809         14.3633278787357         14.3816897769357
    14.4000430626130         14.4184049608130         14.4367754715356
    14.4551459822582         14.4735251055034         14.4918956162260
    14.5102747394712         14.5286624752390         14.5470415984842
    14.5654207217294         14.5838084574972         14.6022048057876
    14.6206097666006         14.6390061148911         14.6574196882267
    14.6758160365171         14.6942209973301         14.7126431831884
    14.7310481440014         14.7494703298596         14.7679011282405
    14.7863147015761         14.8047454999569         14.8231762983378
    14.8416157092412         14.8600551201447         14.8784945310481
    14.8969339419516         14.9153819653777         14.9338299888037
    14.9522780122298         14.9707346481785         14.9891912841271
    15.0076565325984         15.0261217810697         15.0445870295410
    15.0630608905348         15.0815347515287         15.1000086125226
    15.1184824735165         15.1369649470330         15.1554474205495
    15.1739471191112         15.1924382051503         15.2109379037120
    15.2294376022737         15.2479286883128         15.2664369993971
    15.2849366979588         15.3034450090431         15.3219533201275
    15.3404702437344         15.3589871673413         15.3775127034708
    15.3960382396004         15.4145637757299         15.4330979243821
    15.4516234605116         15.4701576091637         15.4887003703385
    15.5072345189906         15.5257858926880         15.5443372663853
    15.5628886400827         15.5814400137800         15.5999913874774
    15.6185513736974         15.6371199724399         15.6556799586599
    15.6742485574025         15.6928171561450         15.7113943674102
    15.7299715786754         15.7485487899406         15.7671346137284
    15.7857204375161         15.8043062613039         15.8229006976143
    15.8414865214021         15.8600809577125         15.8786840065455
    15.8972870553785         15.9158987167341         15.9344931530445
    15.9531220394454         15.9717250882784         15.9903453621566
    16.0089656360348         16.0275945224356         16.0462061837912
    16.0648350701921         16.0834725691155         16.1021100680389
    16.1207475669624         16.1393850658858         16.1580225648092
    16.1766686762553         16.1953147877013         16.2139608991474
    16.2326328481612         16.2512875721299         16.2699422960985
    16.2886056325898         16.3072689690810         16.3259409180949
    16.3446042545862         16.3632934286452         16.3819653776591
    16.4006459391956         16.4193265007321         16.4380070622685
    16.4566962363276         16.4753940229093         16.4940831969684
    16.5127809835501         16.5314701576092         16.5501765567135
    16.5688743432952         16.5875893549221         16.6063043665490
    16.6250107656533         16.6437257772802         16.6624407889071
    16.6811558005340         16.6998966497287         16.7186202738782
    16.7373438980277         16.7560761346999         16.7748083713720
    16.7935578330893         16.8122900697614         16.8310395314788
    16.8497889931961         16.8685384549134         16.8872879166308
    16.9060373783481         16.9247954525881         16.9435535268280
    16.9623202135906         16.9810869003531         16.9998449745931
    17.0186288864008         17.0373955731634         17.0561794849711
    17.0749547842563         17.0937300835415         17.1125139953492
    17.1313065196796         17.1500990440100         17.1688829558178
    17.1876840926707         17.2064766170011         17.2252863663767
    17.2440875032297         17.2628886400827         17.2816897769357
    17.3005167513565         17.3193265007321         17.3381362501077
    17.3569546120059         17.3757815864267         17.3946085608475
    17.4134355352683         17.4322625096891         17.4511067091551
    17.4699336835759         17.4887692705193         17.5076134699854
    17.5264576694514         17.5453018689174         17.5641546809060
    17.5829988803721         17.6018603048833         17.6207131168719
    17.6395745413832         17.6584273533718         17.6772973904057
    17.6961760399621         17.7150288519507         17.7339161140298
    17.7527861510636         17.7716648006201         17.7905434501766
    17.8094220997330         17.8283093618121         17.8471966238911
    17.8660924984928         17.8849883730945         17.9038756351735
    17.9227887348204         17.9416846094221         17.9605804840238
    17.9794849711480         17.9983980707949         18.0173197829644
    18.0362242700887         18.0551459822582         18.0740590819051
    18.0929894065972         18.1119111187667         18.1308414434588
    18.1497631556283         18.1687107053656         18.1876324175351
    18.2065713547498         18.2255102919645         18.2444578417018
    18.2634053914392         18.2823615536991         18.3013004909138
    18.3202480406511         18.3392128154336         18.3581689776936
    18.3771251399535         18.3960985272586         18.4150546895186
    18.4340280768237         18.4530014641288         18.4719662389114
    18.4909396262165         18.5099302385669         18.5289036258720
    18.5478856256998         18.5668848505727         18.5858668504005
    18.6048488502282         18.6238566876238         18.6428559124968
    18.6618465248471         18.6808543622427         18.6998449745931
    18.7188614245112         18.7378692619068         18.7568684867798
    18.7758935492206         18.7949099991387         18.8139264490569
    18.8329515114977         18.8519765739385         18.8710102489019
    18.8900353113427         18.9090603737835         18.9281026612695
    18.9471277237103         18.9661786237189         18.9852122986823
    19.0042459736457         19.0233054861769         19.0423477736629
    19.0614072861941         19.0804581862027         19.0995090862114
    19.1185772112652         19.1376281112738         19.1567048488502
    19.1757557488588         19.1948324864353         19.2139092240117
    19.2329687365429         19.2520540866420         19.2711308242184
    19.2902161743175         19.3093015244165         19.3283782619929
    19.3474722246146         19.3665575747136         19.3856515373353
    19.4047454999569         19.4238394625786         19.4429592627681
    19.4620532253897         19.4811644130566         19.5002669882008
    19.5193781758677         19.5384893635346         19.5576005512014
    19.5767203513909         19.5958401515804         19.6149685642925
    19.6340883644820         19.6532167771940         19.6723451899061
    19.6914908276634         19.7106106278529         19.7297562656102
    19.7488846783223         19.7680303160796         19.7871759538369
    19.8063215915942         19.8254758418741         19.8446214796314
    19.8637757299113         19.8829299801912         19.9020928429937
    19.9212470932736         19.9404185685987         19.9595814314013
    19.9787529067264         19.9979157695289         20.0170958573766
    20.0362587201791         20.0554388080269         20.0746188958746
    20.0937989837223         20.1129962966153         20.1321677719404
    20.1513650848333         20.1705537852037         20.1897510980966
    20.2089397984670         20.2281457238825         20.2473516492981
    20.2665489621910         20.2857548876066         20.3049694255447
    20.3241753509603         20.3433985014211         20.3625958143140
    20.3818189647748         20.4010335027129         20.4202566531737
    20.4394798036345         20.4587115666179         20.4779347170786
    20.4971837051072         20.5164068555680         20.5356472310740
    20.5548876065800         20.5741193695633         20.5933769701145
    20.6126087330979         20.6318577211265         20.6511153216777
    20.6703643097063         20.6896219102575         20.7088708982861
    20.7281371113599         20.7474033244337         20.7666523124623
    20.7859271380587         20.8051933511325         20.8244681767290
    20.8437430023254         20.8630178279218         20.8823012660408
    20.9015674791146         20.9208509172337         20.9401343553527
    20.9594264059943         20.9787098441133         20.9980018947550
    21.0173025579192         21.0366032210835         21.0558952717251
    21.0751959348893         21.0944965980536         21.1138058737404
    21.1331151494273         21.1524158125915         21.1717250882784
    21.1910515890104         21.2103608646973         21.2296873654293
    21.2489966411162         21.2683231418482         21.2876410300577
    21.3069761433124         21.3263112565670         21.3456291447765
    21.3649728705538         21.3843079838085         21.4036517095857

