     3000  0.034156203         3.35988998      902.0565689    0    1
-0.189132922469D+01 -0.190964422815D+01 -0.192767675040D+01 -0.194544587290D+01
-0.196296817645D+01 -0.198025811416D+01 -0.199732832265D+01 -0.201418988290D+01
-0.203085253975D+01 -0.204732488742D+01 -0.206361452686D+01 -0.207972819962D+01
-0.209567190227D+01 -0.211145098180D+01 -0.212707002560D+01 -0.214253289088D+01
-0.215784315174D+01 -0.217300415592D+01 -0.218801903987D+01 -0.220289074368D+01
-0.221762202552D+01 -0.223221547557D+01 -0.224667352916D+01 -0.226099847921D+01
-0.227519247074D+01 -0.228925633690D+01 -0.230318900571D+01 -0.231698944204D+01
-0.233065681954D+01 -0.234419049967D+01 -0.235759001314D+01 -0.237085504324D+01
-0.238398541096D+01 -0.239698106164D+01 -0.240984205298D+01 -0.242256854423D+01
-0.243516078650D+01 -0.244761898023D+01 -0.245994400339D+01 -0.247213654196D+01
-0.248419746563D+01 -0.249612767490D+01 -0.250792809640D+01 -0.251959967871D+01
-0.253114338867D+01 -0.254256020806D+01 -0.255385113071D+01 -0.256501715992D+01
-0.257605930614D+01 -0.258697858493D+01 -0.259777597853D+01 -0.260845230815D+01
-0.261900842937D+01 -0.262944514628D+01 -0.263976158566D+01 -0.264995592596D+01
-0.266002662919D+01 -0.266997243875D+01 -0.267979235194D+01 -0.268948559477D+01
-0.269905159880D+01 -0.270848998007D+01 -0.271780051976D+01 -0.272698314668D+01
-0.273603792134D+01 -0.274496502144D+01 -0.275376472878D+01 -0.276243741741D+01
-0.277098354285D+01 -0.277940363246D+01 -0.278769827666D+01 -0.279586812107D+01
-0.280391385941D+01 -0.281183650229D+01 -0.281963849015D+01 -0.282732264286D+01
-0.283489168344D+01 -0.284234824097D+01 -0.284969485379D+01 -0.285693397260D+01
-0.286406796361D+01 -0.287109911153D+01 -0.287802962257D+01 -0.288486162732D+01
-0.289159718361D+01 -0.289823827918D+01 -0.290478683442D+01 -0.291124470487D+01
-0.291761368378D+01 -0.292389550441D+01 -0.293009184245D+01 -0.293620431817D+01
-0.294223449860D+01 -0.294818389960D+01 -0.295405398783D+01 -0.295984618264D+01
-0.296556185795D+01 -0.297120234396D+01 -0.297676892887D+01 -0.298226286049D+01
-0.298768534777D+01 -0.299303756232D+01 -0.299832063984D+01 -0.300353568146D+01
-0.300868375351D+01 -0.301376584517D+01 -0.301878286606D+01 -0.302373569778D+01
-0.302862519759D+01 -0.303345219933D+01 -0.303821751424D+01 -0.304292193179D+01
-0.304756622041D+01 -0.305215112832D+01 -0.305667738413D+01 -0.306114569765D+01
-0.306555676045D+01 -0.306991125746D+01 -0.307420989896D+01 -0.307845339188D+01
-0.308264243052D+01 -0.308677769663D+01 -0.309085985943D+01 -0.309488957574D+01
-0.309886749007D+01 -0.310279423471D+01 -0.310667042995D+01 -0.311049668412D+01
-0.311427359383D+01 -0.311800174410D+01 -0.312168170853D+01 -0.312531404951D+01
-0.312889931835D+01 -0.313243804258D+01 -0.313593078131D+01 -0.313937804357D+01
-0.314278034130D+01 -0.314613817621D+01 -0.314945203993D+01 -0.315272241424D+01
-0.315594977128D+01 -0.315913457374D+01 -0.316227727507D+01 -0.316537831965D+01
-0.316843814305D+01 -0.317145717217D+01 -0.317443582544D+01 -0.317737451304D+01
-0.318027363706D+01 -0.318313359171D+01 -0.318595476346D+01 -0.318873753127D+01
-0.319148226674D+01 -0.319418933426D+01 -0.319685909123D+01 -0.319949188818D+01
-0.320208806897D+01 -0.320464797092D+01 -0.320717192498D+01 -0.320966025588D+01
-0.321211328227D+01 -0.321453131688D+01 -0.321691466667D+01 -0.321926363293D+01
-0.322157851147D+01 -0.322385959271D+01 -0.322610716182D+01 -0.322832149882D+01
-0.323050285387D+01 -0.323265140867D+01 -0.323476733260D+01 -0.323685079329D+01
-0.323890195673D+01 -0.324092098720D+01 -0.324290804737D+01 -0.324486329830D+01
-0.324678689943D+01 -0.324867900868D+01 -0.325053978241D+01 -0.325236937548D+01
-0.325416794124D+01 -0.325593563161D+01 -0.325767259706D+01 -0.325937898665D+01
-0.326105494803D+01 -0.326270062753D+01 -0.326431617009D+01 -0.326590171937D+01
-0.326745741772D+01 -0.326898340620D+01 -0.327047982465D+01 -0.327194681167D+01
-0.327338450464D+01 -0.327479303978D+01 -0.327617255251D+01 -0.327752318630D+01
-0.327884509287D+01 -0.328013842317D+01 -0.328140332694D+01 -0.328263995273D+01
-0.328384844743D+01 -0.328502890794D+01 -0.328618134149D+01 -0.328730574803D+01
-0.328840213016D+01 -0.328947049300D+01 -0.329051084411D+01 -0.329152319344D+01
-0.329250755322D+01 -0.329346393790D+01 -0.329439239291D+01 -0.329529330529D+01
-0.329616724955D+01 -0.329701479003D+01 -0.329783647923D+01 -0.329863285811D+01
-0.329940445630D+01 -0.330015179239D+01 -0.330087537414D+01 -0.330157569874D+01
-0.330225325302D+01 -0.330290851372D+01 -0.330354194766D+01 -0.330415401201D+01
-0.330474515446D+01 -0.330531581344D+01 -0.330586641833D+01 -0.330639738966D+01
-0.330690913927D+01 -0.330740207056D+01 -0.330787657859D+01 -0.330833305036D+01
-0.330877186489D+01 -0.330919339345D+01 -0.330959799971D+01 -0.330998603990D+01
-0.331035786297D+01 -0.331071381077D+01 -0.331105421814D+01 -0.331137941315D+01
-0.331168975302D+01 -0.331198584687D+01 -0.331226839791D+01 -0.331253793386D+01
-0.331279480780D+01 -0.331303935807D+01 -0.331327191084D+01 -0.331349280128D+01
-0.331370234185D+01 -0.331390084371D+01 -0.331408861150D+01 -0.331426594345D+01
-0.331443313150D+01 -0.331459046150D+01 -0.331473821327D+01 -0.331487666077D+01
-0.331500607080D+01 -0.331512670886D+01 -0.331523883060D+01 -0.331534268772D+01
-0.331543852667D+01 -0.331552658869D+01 -0.331560710995D+01 -0.331568032163D+01
-0.331574645009D+01 -0.331580571688D+01 -0.331585833894D+01 -0.331590452859D+01
-0.331594449373D+01 -0.331597843786D+01 -0.331600656021D+01 -0.331602905579D+01
-0.331604611553D+01 -0.331605792632D+01 -0.331606467113D+01 -0.331606652899D+01
-0.331606361791D+01 -0.331605588971D+01 -0.331604326944D+01 -0.331602568615D+01
-0.331600307043D+01 -0.331597535405D+01 -0.331594247003D+01 -0.331590435253D+01
-0.331586093689D+01 -0.331581215957D+01 -0.331575795818D+01 -0.331569827142D+01
-0.331563303908D+01 -0.331556220199D+01 -0.331548570208D+01 -0.331540348228D+01
-0.331531548654D+01 -0.331522165981D+01 -0.331512194803D+01 -0.331501629812D+01
-0.331490465792D+01 -0.331478697624D+01 -0.331466320279D+01 -0.331453328820D+01
-0.331439718318D+01 -0.331425478289D+01 -0.331410589251D+01 -0.331395031240D+01
-0.331378784658D+01 -0.331361830269D+01 -0.331344149193D+01 -0.331325722902D+01
-0.331306533209D+01 -0.331286562266D+01 -0.331265792557D+01 -0.331244206891D+01
-0.331221788401D+01 -0.331198520027D+01 -0.331174380650D+01 -0.331149347288D+01
-0.331123397369D+01 -0.331096508738D+01 -0.331068659649D+01 -0.331039828763D+01
-0.331009995137D+01 -0.330979138218D+01 -0.330947237838D+01 -0.330914274206D+01
-0.330880227902D+01 -0.330845079872D+01 -0.330808811419D+01 -0.330771404202D+01
-0.330732840225D+01 -0.330693101834D+01 -0.330652171709D+01 -0.330610032864D+01
-0.330566668634D+01 -0.330522062675D+01 -0.330476198958D+01 -0.330429061761D+01
-0.330380635667D+01 -0.330330905558D+01 -0.330279856610D+01 -0.330227474289D+01
-0.330173744344D+01 -0.330118652806D+01 -0.330062185981D+01 -0.330004330443D+01
-0.329945073038D+01 -0.329884400869D+01 -0.329822301302D+01 -0.329758761953D+01
-0.329693770690D+01 -0.329627315627D+01 -0.329559385118D+01 -0.329489967758D+01
-0.329419052375D+01 -0.329346628026D+01 -0.329272683998D+01 -0.329197209799D+01
-0.329120195158D+01 -0.329041630019D+01 -0.328961504541D+01 -0.328879809090D+01
-0.328796534241D+01 -0.328711670769D+01 -0.328625209652D+01 -0.328537142062D+01
-0.328447459341D+01 -0.328356151635D+01 -0.328263207500D+01 -0.328168621788D+01
-0.328072395319D+01 -0.327974529179D+01 -0.327875024494D+01 -0.327773882432D+01
-0.327671104195D+01 -0.327566691029D+01 -0.327460644212D+01 -0.327352965062D+01
-0.327243654932D+01 -0.327132715209D+01 -0.327020147317D+01 -0.326905952711D+01
-0.326790132882D+01 -0.326672689914D+01 -0.326553629597D+01 -0.326432959177D+01
-0.326310685847D+01 -0.326186816749D+01 -0.326061358971D+01 -0.325934319551D+01
-0.325805705473D+01 -0.325675523671D+01 -0.325543781030D+01 -0.325410484384D+01
-0.325275640519D+01 -0.325139256170D+01 -0.325001338026D+01 -0.324861892729D+01
-0.324720926871D+01 -0.324578447000D+01 -0.324434459617D+01 -0.324288971178D+01
-0.324141988093D+01 -0.323993516729D+01 -0.323843563407D+01 -0.323692134406D+01
-0.323539235961D+01 -0.323384874263D+01 -0.323229055465D+01 -0.323071785673D+01
-0.322913071145D+01 -0.322752918765D+01 -0.322591335512D+01 -0.322428328317D+01
-0.322263904061D+01 -0.322098069577D+01 -0.321930831645D+01 -0.321762197000D+01
-0.321592172328D+01 -0.321420764267D+01 -0.321247979407D+01 -0.321073824293D+01
-0.320898305420D+01 -0.320721429239D+01 -0.320543202156D+01 -0.320363630528D+01
-0.320182720671D+01 -0.320000478854D+01 -0.319816911300D+01 -0.319632024192D+01
-0.319445823666D+01 -0.319258315816D+01 -0.319069506692D+01 -0.318879402303D+01
-0.318688008614D+01 -0.318495331551D+01 -0.318301376994D+01 -0.318106150786D+01
-0.317909663190D+01 -0.317711911052D+01 -0.317512904435D+01 -0.317312648943D+01
-0.317111150141D+01 -0.316908413550D+01 -0.316704444653D+01 -0.316499248891D+01
-0.316292831668D+01 -0.316085198345D+01 -0.315876354248D+01 -0.315666304660D+01
-0.315455054830D+01 -0.315242609967D+01 -0.315028975240D+01 -0.314814155786D+01
-0.314598156700D+01 -0.314380983043D+01 -0.314162639839D+01 -0.313943132076D+01
-0.313722464706D+01 -0.313500642648D+01 -0.313277670781D+01 -0.313053553955D+01
-0.312828296981D+01 -0.312601904638D+01 -0.312374381672D+01 -0.312145732794D+01
-0.311915962682D+01 -0.311685075981D+01 -0.311453077304D+01 -0.311219971232D+01
-0.310985762314D+01 -0.310750455064D+01 -0.310514053971D+01 -0.310276563486D+01
-0.310037988033D+01 -0.309798332006D+01 -0.309557599766D+01 -0.309315795645D+01
-0.309072923946D+01 -0.308828988942D+01 -0.308583994876D+01 -0.308337945963D+01
-0.308090846389D+01 -0.307842700312D+01 -0.307593511860D+01 -0.307343285135D+01
-0.307092024211D+01 -0.306839733133D+01 -0.306586415920D+01 -0.306332076564D+01
-0.306076719031D+01 -0.305820347258D+01 -0.305562965159D+01 -0.305304576619D+01
-0.305045185499D+01 -0.304784795634D+01 -0.304523410833D+01 -0.304261034882D+01
-0.303997671539D+01 -0.303733324540D+01 -0.303467997595D+01 -0.303201694390D+01
-0.302934418587D+01 -0.302666173826D+01 -0.302396963720D+01 -0.302126791861D+01
-0.301855661818D+01 -0.301583577135D+01 -0.301310541336D+01 -0.301036557920D+01
-0.300761630364D+01 -0.300485762124D+01 -0.300208956634D+01 -0.299931217305D+01
-0.299652547526D+01 -0.299372950668D+01 -0.299092430076D+01 -0.298810989077D+01
-0.298528630977D+01 -0.298245359061D+01 -0.297961176593D+01 -0.297676086816D+01
-0.297390092955D+01 -0.297103198214D+01 -0.296815405459D+01 -0.296526714973D+01
-0.296237125805D+01 -0.295946637025D+01 -0.295655247731D+01 -0.295362957047D+01
-0.295069764124D+01 -0.294775668139D+01 -0.294480668293D+01 -0.294184763817D+01
-0.293887953964D+01 -0.293590238012D+01 -0.293291615265D+01 -0.292992085050D+01
-0.292691646721D+01 -0.292390299651D+01 -0.292088043240D+01 -0.291784876911D+01
-0.291480800107D+01 -0.291175812298D+01 -0.290869912972D+01 -0.290563101599D+01
-0.290255377258D+01 -0.289946738818D+01 -0.289637185176D+01 -0.289326715254D+01
-0.289015328006D+01 -0.288703022411D+01 -0.288389797476D+01 -0.288075652237D+01
-0.287760585754D+01 -0.287444597114D+01 -0.287127685433D+01 -0.286809849849D+01
-0.286491089527D+01 -0.286171403658D+01 -0.285850791457D+01 -0.285529252164D+01
-0.285206785043D+01 -0.284883389381D+01 -0.284559064492D+01 -0.284233809709D+01
-0.283907624393D+01 -0.283580507923D+01 -0.283252459704D+01 -0.282923479285D+01
-0.282593566579D+01 -0.282262721577D+01 -0.281930944285D+01 -0.281598234729D+01
-0.281264592945D+01 -0.280930018991D+01 -0.280594512936D+01 -0.280258074867D+01
-0.279920704885D+01 -0.279582403106D+01 -0.279243169661D+01 -0.278903004696D+01
-0.278561908371D+01 -0.278219880859D+01 -0.277876922349D+01 -0.277533033042D+01
-0.277188213155D+01 -0.276842462916D+01 -0.276495782567D+01 -0.276148172364D+01
-0.275799632575D+01 -0.275450163481D+01 -0.275099765375D+01 -0.274748438564D+01
-0.274396183365D+01 -0.274043000108D+01 -0.273688889136D+01 -0.273333850803D+01
-0.272977885474D+01 -0.272620993526D+01 -0.272263175347D+01 -0.271904431336D+01
-0.271544761903D+01 -0.271184167470D+01 -0.270822648468D+01 -0.270460205339D+01
-0.270096838536D+01 -0.269732548522D+01 -0.269367335769D+01 -0.269001200761D+01
-0.268634143990D+01 -0.268266165959D+01 -0.267897267179D+01 -0.267527448172D+01
-0.267156709468D+01 -0.266785051608D+01 -0.266412475139D+01 -0.266038980627D+01
-0.265664568656D+01 -0.265289239823D+01 -0.264912994733D+01 -0.264535833999D+01
-0.264157758242D+01 -0.263778768091D+01 -0.263398864184D+01 -0.263018047164D+01
-0.262636317695D+01 -0.262253677545D+01 -0.261870130517D+01 -0.261485680612D+01
-0.261100331806D+01 -0.260714088051D+01 -0.260326953273D+01 -0.259938931374D+01
-0.259550026231D+01 -0.259160241699D+01 -0.258769581606D+01 -0.258378049759D+01
-0.257985649938D+01 -0.257592385903D+01 -0.257198261389D+01 -0.256803280108D+01
-0.256407445749D+01 -0.256010761978D+01 -0.255613236939D+01 -0.255214865272D+01
-0.254815655026D+01 -0.254415609749D+01 -0.254014732968D+01 -0.253613028190D+01
-0.253210498897D+01 -0.252807148551D+01 -0.252402980593D+01 -0.251997998443D+01
-0.251592205498D+01 -0.251185605135D+01 -0.250778200711D+01 -0.250369995563D+01
-0.249960993004D+01 -0.249551196331D+01 -0.249140608818D+01 -0.248729233721D+01
-0.248317074274D+01 -0.247904133693D+01 -0.247490415174D+01 -0.247075921894D+01
-0.246660657009D+01 -0.246244623658D+01 -0.245827824961D+01 -0.245410264018D+01
-0.244991943910D+01 -0.244572867701D+01 -0.244153038437D+01 -0.243732459143D+01
-0.243311132828D+01 -0.242889062484D+01 -0.242466251083D+01 -0.242042701579D+01
-0.241618416912D+01 -0.241193400000D+01 -0.240767653747D+01 -0.240341181039D+01
-0.239913984744D+01 -0.239486067714D+01 -0.239057432784D+01 -0.238628082773D+01
-0.238198020482D+01 -0.237767248697D+01 -0.237335770187D+01 -0.236903587705D+01
-0.236470703988D+01 -0.236037121758D+01 -0.235602843718D+01 -0.235167872560D+01
-0.234732210958D+01 -0.234295861569D+01 -0.233858827037D+01 -0.233421109990D+01
-0.232982713041D+01 -0.232543638788D+01 -0.232103889814D+01 -0.231663468688D+01
-0.231222377963D+01 -0.230780620178D+01 -0.230338197858D+01 -0.229895113513D+01
-0.229451369639D+01 -0.229006968719D+01 -0.228561913220D+01 -0.228116205596D+01
-0.227669848288D+01 -0.227222843721D+01 -0.226775194310D+01 -0.226326902454D+01
-0.225877970611D+01 -0.225428401311D+01 -0.224978197076D+01 -0.224527360412D+01
-0.224075893813D+01 -0.223623799755D+01 -0.223171080702D+01 -0.222717739105D+01
-0.222263777397D+01 -0.221809198001D+01 -0.221354003324D+01 -0.220898195760D+01
-0.220441777688D+01 -0.219984751474D+01 -0.219527119473D+01 -0.219068884075D+01
-0.218610047752D+01 -0.218150612974D+01 -0.217690582192D+01 -0.217229957846D+01
-0.216768742360D+01 -0.216306938145D+01 -0.215844547596D+01 -0.215381573096D+01
-0.214918017013D+01 -0.214453881701D+01 -0.213989169501D+01 -0.213523882739D+01
-0.213058023729D+01 -0.212591594770D+01 -0.212124598149D+01 -0.211657036140D+01
-0.211188911001D+01 -0.210720224981D+01 -0.210250980312D+01 -0.209781179215D+01
-0.209310823900D+01 -0.208839916561D+01 -0.208368459381D+01 -0.207896454530D+01
-0.207423904166D+01 -0.206950810435D+01 -0.206477175468D+01 -0.206003001388D+01
-0.205528290303D+01 -0.205053044309D+01 -0.204577265492D+01 -0.204100955924D+01
-0.203624117666D+01 -0.203146752595D+01 -0.202668862049D+01 -0.202190447263D+01
-0.201711509466D+01 -0.201232049882D+01 -0.200752069731D+01 -0.200271570226D+01
-0.199790552576D+01 -0.199309017987D+01 -0.198826967656D+01 -0.198344402779D+01
-0.197861324545D+01 -0.197377734139D+01 -0.196893632741D+01 -0.196409021527D+01
-0.195923901666D+01 -0.195438274326D+01 -0.194952140666D+01 -0.194465501844D+01
-0.193978359012D+01 -0.193490713318D+01 -0.193002565903D+01 -0.192513917907D+01
-0.192024770463D+01 -0.191535124701D+01 -0.191044981746D+01 -0.190554342718D+01
-0.190063208733D+01 -0.189571580904D+01 -0.189079460338D+01 -0.188586848139D+01
-0.188093745404D+01 -0.187600153229D+01 -0.187106072704D+01 -0.186611504916D+01
-0.186116450947D+01 -0.185620911874D+01 -0.185124888772D+01 -0.184628382710D+01
-0.184131394754D+01 -0.183633925965D+01 -0.183135977401D+01 -0.182637550116D+01
-0.182138645160D+01 -0.181639263577D+01 -0.181139406410D+01 -0.180639074697D+01
-0.180138269471D+01 -0.179636991763D+01 -0.179135242599D+01 -0.178633023001D+01
-0.178130333989D+01 -0.177627176576D+01 -0.177123551775D+01 -0.176619460593D+01
-0.176114904032D+01 -0.175609883095D+01 -0.175104398776D+01 -0.174598452069D+01
-0.174092043964D+01 -0.173585175444D+01 -0.173077847494D+01 -0.172570061090D+01
-0.172061817208D+01 -0.171553116820D+01 -0.171043960894D+01 -0.170534350393D+01
-0.170024286280D+01 -0.169513769512D+01 -0.169002801042D+01 -0.168491381822D+01
-0.167979512800D+01 -0.167467194920D+01 -0.166954429121D+01 -0.166441216343D+01
-0.165927557519D+01 -0.165413453580D+01 -0.164898905455D+01 -0.164383914066D+01
-0.163868480337D+01 -0.163352605185D+01 -0.162836289524D+01 -0.162319534267D+01
-0.161802340323D+01 -0.161284708596D+01 -0.160766639990D+01 -0.160248135404D+01
-0.159729195734D+01 -0.159209821873D+01 -0.158690014712D+01 -0.158169775138D+01
-0.157649104035D+01 -0.157128002284D+01 -0.156606470764D+01 -0.156084510350D+01
-0.155562121915D+01 -0.155039306328D+01 -0.154516064455D+01 -0.153992397161D+01
-0.153468305307D+01 -0.152943789749D+01 -0.152418851345D+01 -0.151893490946D+01
-0.151367709402D+01 -0.150841507560D+01 -0.150314886263D+01 -0.149787846354D+01
-0.149260388670D+01 -0.148732514049D+01 -0.148204223322D+01 -0.147675517321D+01
-0.147146396873D+01 -0.146616862804D+01 -0.146086915936D+01 -0.145556557089D+01
-0.145025787081D+01 -0.144494606725D+01 -0.143963016835D+01 -0.143431018220D+01
-0.142898611687D+01 -0.142365798040D+01 -0.141832578082D+01 -0.141298952611D+01
-0.140764922425D+01 -0.140230488318D+01 -0.139695651083D+01 -0.139160411508D+01
-0.138624770382D+01 -0.138088728487D+01 -0.137552286608D+01 -0.137015445523D+01
-0.136478206010D+01 -0.135940568845D+01 -0.135402534799D+01 -0.134864104644D+01
-0.134325279146D+01 -0.133786059073D+01 -0.133246445187D+01 -0.132706438249D+01
-0.132166039019D+01 -0.131625248286D+01 -0.131084067223D+01 -0.130542497237D+01
-0.130000539733D+01 -0.129458196108D+01 -0.128915467756D+01 -0.128372356059D+01
-0.127828862397D+01 -0.127284988142D+01 -0.126740734658D+01 -0.126196103304D+01
-0.125651095433D+01 -0.125105712390D+01 -0.124559955516D+01 -0.124013826143D+01
-0.123467325599D+01 -0.122920455204D+01 -0.122373216313D+01 -0.121825610395D+01
-0.121277638935D+01 -0.120729303415D+01 -0.120180605304D+01 -0.119631546067D+01
-0.119082127160D+01 -0.118532350033D+01 -0.117982216127D+01 -0.117431726877D+01
-0.116880883711D+01 -0.116329688047D+01 -0.115778141301D+01 -0.115226244876D+01
-0.114674000172D+01 -0.114121408581D+01 -0.113568471488D+01 -0.113015190270D+01
-0.112461566298D+01 -0.111907600937D+01 -0.111353295543D+01 -0.110798651467D+01
-0.110243670053D+01 -0.109688352637D+01 -0.109132700551D+01 -0.108576715118D+01
-0.108020397655D+01 -0.107463749472D+01 -0.106906771875D+01 -0.106349466160D+01
-0.105791833619D+01 -0.105233875536D+01 -0.104675593191D+01 -0.104116987856D+01
-0.103558060796D+01 -0.102998813271D+01 -0.102439246535D+01 -0.101879361835D+01
-0.101319160413D+01 -0.100758643503D+01 -0.100197812335D+01 -0.996366681320D+00
-0.990752121120D+00 -0.985134454840D+00 -0.979513694550D+00 -0.973889852240D+00
-0.968262939840D+00 -0.962632969250D+00 -0.956999952260D+00 -0.951363900660D+00
-0.945724826140D+00 -0.940082740350D+00 -0.934437654890D+00 -0.928789581300D+00
-0.923138531050D+00 -0.917484515580D+00 -0.911827546250D+00 -0.906167634380D+00
-0.900504791250D+00 -0.894839028260D+00 -0.889170356950D+00 -0.883498788820D+00
-0.877824335320D+00 -0.872147007820D+00 -0.866466817670D+00 -0.860783776130D+00
-0.855097894420D+00 -0.849409183720D+00 -0.843717655130D+00 -0.838023319730D+00
-0.832326188520D+00 -0.826626272440D+00 -0.820923582420D+00 -0.815218129290D+00
-0.809509923860D+00 -0.803798976870D+00 -0.798085299030D+00 -0.792368900970D+00
-0.786649793290D+00 -0.780927986540D+00 -0.775203491220D+00 -0.769476317760D+00
-0.763746476570D+00 -0.758013977990D+00 -0.752278832320D+00 -0.746541049810D+00
-0.740800640660D+00 -0.735057615020D+00 -0.729311983010D+00 -0.723563754670D+00
-0.717812940030D+00 -0.712059549040D+00 -0.706303591680D+00 -0.700545077980D+00
-0.694784017840D+00 -0.689020419540D+00 -0.683254290170D+00 -0.677485636780D+00
-0.671714466370D+00 -0.665940785940D+00 -0.660164602430D+00 -0.654385922780D+00
-0.648604753870D+00 -0.642821102590D+00 -0.637034975770D+00 -0.631246380240D+00
-0.625455322770D+00 -0.619661810130D+00 -0.613865849050D+00 -0.608067446250D+00
-0.602266608390D+00 -0.596463342130D+00 -0.590657654090D+00 -0.584849550890D+00
-0.579039039090D+00 -0.573226125230D+00 -0.567410815850D+00 -0.561593117430D+00
-0.555773036450D+00 -0.549950579340D+00 -0.544125752540D+00 -0.538298562440D+00
-0.532469015390D+00 -0.526637117760D+00 -0.520802875850D+00 -0.514966295970D+00
-0.509127384370D+00 -0.503286147320D+00 -0.497442591020D+00 -0.491596721680D+00
-0.485748545480D+00 -0.479898068550D+00 -0.474045297030D+00 -0.468190237020D+00
-0.462332894590D+00 -0.456473275810D+00 -0.450611386710D+00 -0.444747233290D+00
-0.438880821540D+00 -0.433012157430D+00 -0.427141246900D+00 -0.421268095860D+00
-0.415392710220D+00 -0.409515095840D+00 -0.403635258580D+00 -0.397753204270D+00
-0.391868938710D+00 -0.385982467690D+00 -0.380093796980D+00 -0.374202932320D+00
-0.368309879430D+00 -0.362414644010D+00 -0.356517231730D+00 -0.350617648270D+00
-0.344715899240D+00 -0.338811990280D+00 -0.332905926970D+00 -0.326997714890D+00
-0.321087359590D+00 -0.315174866610D+00 -0.309260241460D+00 -0.303343489630D+00
-0.297424616600D+00 -0.291503627810D+00 -0.285580528710D+00 -0.279655324700D+00
-0.273728021190D+00 -0.267798623540D+00 -0.261867137100D+00 -0.255933567230D+00
-0.249997919220D+00 -0.244060198380D+00 -0.238120409990D+00 -0.232178559300D+00
-0.226234651560D+00 -0.220288691990D+00 -0.214340685780D+00 -0.208390638140D+00
-0.202438554210D+00 -0.196484439160D+00 -0.190528298100D+00 -0.184570136160D+00
-0.178609958810D+00 -0.172647772250D+00 -0.166683582750D+00 -0.160717396530D+00
-0.154749219800D+00 -0.148779058750D+00 -0.142806919530D+00 -0.136832808280D+00
-0.130856731090D+00 -0.124878694040D+00 -0.118898703200D+00 -0.112916764570D+00
-0.106932884180D+00 -0.100947067990D+00 -0.949593219500D-01 -0.889696520500D-01
-0.829780648900D-01 -0.769845675000D-01 -0.709891669100D-01 -0.649918703900D-01
-0.589926854600D-01 -0.529916196000D-01 -0.469886802900D-01 -0.409838749200D-01
-0.349772109000D-01 -0.289686955700D-01 -0.229583362400D-01 -0.169461401900D-01
-0.109321146700D-01 -0.491626688000D-02  0.110139601000D-02  0.712086684000D-02
 0.131421385300D-01  0.191652039900D-01  0.251900562000D-01  0.312166881400D-01
 0.372450928600D-01  0.432752634100D-01  0.493071928900D-01  0.553408744300D-01
 0.613763011900D-01  0.674134663700D-01  0.734523632000D-01  0.794929849400D-01
 0.855353248800D-01  0.915793763400D-01  0.976251326900D-01  0.103672587300D+00
 0.109721733600D+00  0.115772565040D+00  0.121825075100D+00  0.127879257280D+00
 0.133935105150D+00  0.139992612260D+00  0.146051772220D+00  0.152112578660D+00
 0.158175025260D+00  0.164239105700D+00  0.170304813700D+00  0.176372143030D+00
 0.182441087450D+00  0.188511640790D+00  0.194583796890D+00  0.200657549600D+00
 0.206732892840D+00  0.212809820520D+00  0.218888326610D+00  0.224968405090D+00
 0.231050049960D+00  0.237133255270D+00  0.243218015080D+00  0.249304323490D+00
 0.255392174620D+00  0.261481562620D+00  0.267572481660D+00  0.273664925960D+00
 0.279758889730D+00  0.285854367240D+00  0.291951352770D+00  0.298049840630D+00
 0.304149687090D+00  0.310251162500D+00  0.316354123640D+00  0.322458565120D+00
 0.328564481550D+00  0.334671867580D+00  0.340780717880D+00  0.346891027150D+00
 0.353002790100D+00  0.359116001480D+00  0.365230656060D+00  0.371346748640D+00
 0.377464274040D+00  0.383583227110D+00  0.389703602700D+00  0.395825395730D+00
 0.401948601090D+00  0.408073213750D+00  0.414199228650D+00  0.420326640800D+00
 0.426455445190D+00  0.432585636880D+00  0.438717210910D+00  0.444850162380D+00
 0.450984486370D+00  0.457120178040D+00  0.463257232510D+00  0.469395644980D+00
 0.475535410630D+00  0.481676524680D+00  0.487818982380D+00  0.493962778980D+00
 0.500107909770D+00  0.506254370060D+00  0.512402155180D+00  0.518551260480D+00
 0.524701681320D+00  0.530853413100D+00  0.537006451240D+00  0.543160791160D+00
 0.549316428340D+00  0.555473358230D+00  0.561631576350D+00  0.567791078210D+00
 0.573951859340D+00  0.580113915320D+00  0.586277241710D+00  0.592441834120D+00
 0.598607688170D+00  0.604774799500D+00  0.610943163760D+00  0.617112776650D+00
 0.623283633850D+00  0.629455731090D+00  0.635629064100D+00  0.641803628640D+00
 0.647979420490D+00  0.654156435450D+00  0.660334669320D+00  0.666514117950D+00
 0.672694777180D+00  0.678876642890D+00  0.685059710970D+00  0.691243977310D+00
 0.697429437860D+00  0.703616088550D+00  0.709803925350D+00  0.715992944240D+00
 0.722183141210D+00  0.728374512290D+00  0.734567053500D+00  0.740760760900D+00
 0.746955630570D+00  0.753151658570D+00  0.759348841030D+00  0.765547174060D+00
 0.771746653800D+00  0.777947276400D+00  0.784149038040D+00  0.790351934910D+00
 0.796555963210D+00  0.802761119170D+00  0.808967399020D+00  0.815174799030D+00
 0.821383315460D+00  0.827592944600D+00  0.833803682760D+00  0.840015526260D+00
 0.846228471440D+00  0.852442514640D+00  0.858657652240D+00  0.864873880620D+00
 0.871091196180D+00  0.877309595340D+00  0.883529074520D+00  0.889749630190D+00
 0.895971258790D+00  0.902193956800D+00  0.908417720720D+00  0.914642547060D+00
 0.920868432330D+00  0.927095373080D+00  0.933323365850D+00  0.939552407220D+00
 0.945782493760D+00  0.952013622070D+00  0.958245788760D+00  0.964478990460D+00
 0.970713223810D+00  0.976948485450D+00  0.983184772070D+00  0.989422080330D+00
 0.995660406940D+00  0.100189974860D+01  0.100814010204D+01  0.101438146400D+01
 0.102062383123D+01  0.102686720049D+01  0.103311156856D+01  0.103935693223D+01
 0.104560328832D+01  0.105185063363D+01  0.105809896500D+01  0.106434827927D+01
 0.107059857331D+01  0.107684984398D+01  0.108310208817D+01  0.108935530277D+01
 0.109560948470D+01  0.110186463088D+01  0.110812073824D+01  0.111437780374D+01
 0.112063582432D+01  0.112689479698D+01  0.113315471868D+01  0.113941558644D+01
 0.114567739725D+01  0.115194014815D+01  0.115820383617D+01  0.116446845834D+01
 0.117073401174D+01  0.117700049344D+01  0.118326790051D+01  0.118953623004D+01
 0.119580547916D+01  0.120207564497D+01  0.120834672460D+01  0.121461871520D+01
 0.122089161391D+01  0.122716541790D+01  0.123344012435D+01  0.123971573044D+01
 0.124599223338D+01  0.125226963036D+01  0.125854791861D+01  0.126482709537D+01
 0.127110715786D+01  0.127738810336D+01  0.128366992911D+01  0.128995263240D+01
 0.129623621052D+01  0.130252066075D+01  0.130880598040D+01  0.131509216680D+01
 0.132137921728D+01  0.132766712916D+01  0.133395589980D+01  0.134024552656D+01
 0.134653600681D+01  0.135282733798D+01  0.135911951829D+01  0.136541254648D+01
 0.137170642131D+01  0.137800114153D+01  0.138429670592D+01  0.139059311325D+01
 0.139689036229D+01  0.140318845182D+01  0.140948738062D+01  0.141578714748D+01
 0.142208775118D+01  0.142838919051D+01  0.143469146427D+01  0.144099457127D+01
 0.144729851029D+01  0.145360328015D+01  0.145990887966D+01  0.146621530763D+01
 0.147252256288D+01  0.147883064421D+01  0.148513955047D+01  0.149144928047D+01
 0.149775983303D+01  0.150407120701D+01  0.151038340122D+01  0.151669641451D+01
 0.152301024572D+01  0.152932489381D+01  0.153564035957D+01  0.154195664529D+01
 0.154827375327D+01  0.155459168581D+01  0.156091044521D+01  0.156723003372D+01
 0.157355045362D+01  0.157987170714D+01  0.158619379653D+01  0.159251672400D+01
 0.159884049177D+01  0.160516510204D+01  0.161149055698D+01  0.161781685877D+01
 0.162414400958D+01  0.163047201154D+01  0.163680086680D+01  0.164313057748D+01
 0.164946114570D+01  0.165579257354D+01  0.166212486311D+01  0.166845801647D+01
 0.167479203569D+01  0.168112692282D+01  0.168746267990D+01  0.169379930897D+01
 0.170013681203D+01  0.170647519110D+01  0.171281444816D+01  0.171915458520D+01
 0.172549560419D+01  0.173183750709D+01  0.173818029584D+01  0.174452397238D+01
 0.175086853864D+01  0.175721399653D+01  0.176356034796D+01  0.176990759480D+01
 0.177625573895D+01  0.178260478227D+01  0.178895472662D+01  0.179530557384D+01
 0.180165732577D+01  0.180800998424D+01  0.181436355106D+01  0.182071802802D+01
 0.182707341694D+01  0.183342971957D+01  0.183978693770D+01  0.184614507308D+01
 0.185250412747D+01  0.185886410260D+01  0.186522500019D+01  0.187158682197D+01
 0.187794956965D+01  0.188431324491D+01  0.189067784944D+01  0.189704338493D+01
 0.190340985303D+01  0.190977725539D+01  0.191614559367D+01  0.192251486950D+01
 0.192888508449D+01  0.193525624028D+01  0.194162833844D+01  0.194800138060D+01
 0.195437536831D+01  0.196075030316D+01  0.196712618672D+01  0.197350302053D+01
 0.197988080614D+01  0.198625954509D+01  0.199263923889D+01  0.199901988906D+01
 0.200540149711D+01  0.201178406453D+01  0.201816759281D+01  0.202455208342D+01
 0.203093753782D+01  0.203732395748D+01  0.204371134385D+01  0.205009969835D+01
 0.205648902241D+01  0.206287931747D+01  0.206927058491D+01  0.207566282616D+01
 0.208205604258D+01  0.208845023558D+01  0.209484540651D+01  0.210124155675D+01
 0.210763868764D+01  0.211403680054D+01  0.212043589676D+01  0.212683597766D+01
 0.213323704453D+01  0.213963909869D+01  0.214604214145D+01  0.215244617408D+01
 0.215885119787D+01  0.216525721410D+01  0.217166422403D+01  0.217807222892D+01
 0.218448123000D+01  0.219089122853D+01  0.219730222572D+01  0.220371422281D+01
 0.221012722100D+01  0.221654122149D+01  0.222295622549D+01  0.222937223418D+01
 0.223578924873D+01  0.224220727032D+01  0.224862630010D+01  0.225504633924D+01
 0.226146738887D+01  0.226788945013D+01  0.227431252416D+01  0.228073661206D+01
 0.228716171495D+01  0.229358783394D+01  0.230001497012D+01  0.230644312457D+01
 0.231287229839D+01  0.231930249263D+01  0.232573370836D+01  0.233216594663D+01
 0.233859920850D+01  0.234503349500D+01  0.235146880717D+01  0.235790514602D+01
 0.236434251257D+01  0.237078090784D+01  0.237722033281D+01  0.238366078849D+01
 0.239010227586D+01  0.239654479589D+01  0.240298834955D+01  0.240943293781D+01
 0.241587856162D+01  0.242232522192D+01  0.242877291966D+01  0.243522165576D+01
 0.244167143116D+01  0.244812224676D+01  0.245457410347D+01  0.246102700221D+01
 0.246748094385D+01  0.247393592930D+01  0.248039195942D+01  0.248684903510D+01
 0.249330715719D+01  0.249976632655D+01  0.250622654404D+01  0.251268781050D+01
 0.251915012677D+01  0.252561349366D+01  0.253207791202D+01  0.253854338265D+01
 0.254500990636D+01  0.255147748394D+01  0.255794611621D+01  0.256441580394D+01
 0.257088654791D+01  0.257735834890D+01  0.258383120767D+01  0.259030512499D+01
 0.259678010160D+01  0.260325613826D+01  0.260973323569D+01  0.261621139464D+01
 0.262269061584D+01  0.262917089999D+01  0.263565224780D+01  0.264213465987D+01
 0.264861813678D+01  0.265510267910D+01  0.266158828741D+01  0.266807496226D+01
 0.267456270421D+01  0.268105151380D+01  0.268754139158D+01  0.269403233809D+01
 0.270052435385D+01  0.270701743940D+01  0.271351159524D+01  0.272000667511D+01
 0.272650297286D+01  0.273300034253D+01  0.273949878470D+01  0.274599829997D+01
 0.275249888890D+01  0.275900055207D+01  0.276550329004D+01  0.277200710337D+01
 0.277851199262D+01  0.278501795834D+01  0.279152500106D+01  0.279803312133D+01
 0.280454231967D+01  0.281105259662D+01  0.281756395269D+01  0.282407638841D+01
 0.283058990427D+01  0.283710450079D+01  0.284362017846D+01  0.285013693778D+01
 0.285665477924D+01  0.286317370332D+01  0.286969371049D+01  0.287621480124D+01
 0.288273697602D+01  0.288926023531D+01  0.289578457955D+01  0.290231000920D+01
 0.290883652470D+01  0.291536412630D+01  0.292189281397D+01  0.292842258766D+01
 0.293495344732D+01  0.294148539290D+01  0.294801842433D+01  0.295455254156D+01
 0.296108774453D+01  0.296762403316D+01  0.297416140739D+01  0.298069986716D+01
 0.298723941239D+01  0.299378004300D+01  0.300032175892D+01  0.300686456006D+01
 0.301340844635D+01  0.301995341770D+01  0.302649947312D+01  0.303304660977D+01
 0.303959482463D+01  0.304614411463D+01  0.305269447676D+01  0.305924590800D+01
 0.306579840532D+01  0.307235196574D+01  0.307890658625D+01  0.308546226388D+01
 0.309201899564D+01  0.309857677858D+01  0.310513560972D+01  0.311169548613D+01
 0.311825640486D+01  0.312481836298D+01  0.313138135758D+01  0.313794538572D+01
 0.314451044452D+01  0.315107653106D+01  0.315764364248D+01  0.316421177587D+01
 0.317078092839D+01  0.317735109715D+01  0.318392227931D+01  0.319049447202D+01
 0.319706767245D+01  0.320364187776D+01  0.321021708513D+01  0.321679329176D+01
 0.322337049484D+01  0.322994869157D+01  0.323652787916D+01  0.324310805484D+01
 0.324968921584D+01  0.325627135938D+01  0.326285448272D+01  0.326943858311D+01
 0.327602365782D+01  0.328260970410D+01  0.328919671936D+01  0.329578470127D+01
 0.330237364751D+01  0.330896355580D+01  0.331555442383D+01  0.332214624932D+01
 0.332873902999D+01  0.333533276357D+01  0.334192744779D+01  0.334852308038D+01
 0.335511965910D+01  0.336171718168D+01  0.336831564590D+01  0.337491504950D+01
 0.338151539027D+01  0.338811666597D+01  0.339471887439D+01  0.340132201332D+01
 0.340792608054D+01  0.341453107385D+01  0.342113699107D+01  0.342774383000D+01
 0.343435158845D+01  0.344096026426D+01  0.344756985524D+01  0.345418035924D+01
 0.346079177409D+01  0.346740409763D+01  0.347401732773D+01  0.348063146223D+01
 0.348724649900D+01  0.349386243600D+01  0.350047927146D+01  0.350709700363D+01
 0.351371563078D+01  0.352033515118D+01  0.352695556311D+01  0.353357686485D+01
 0.354019905468D+01  0.354682213089D+01  0.355344609177D+01  0.356007093561D+01
 0.356669666073D+01  0.357332326541D+01  0.357995074797D+01  0.358657910672D+01
 0.359320833998D+01  0.359983844606D+01  0.360646942330D+01  0.361310127001D+01
 0.361973398453D+01  0.362636756520D+01  0.363300201035D+01  0.363963731833D+01
 0.364627348748D+01  0.365291051616D+01  0.365954840272D+01  0.366618714552D+01
 0.367282674292D+01  0.367946719329D+01  0.368610849500D+01  0.369275064642D+01
 0.369939364593D+01  0.370603749191D+01  0.371268218274D+01  0.371932771682D+01
 0.372597409254D+01  0.373262130828D+01  0.373926936246D+01  0.374591825348D+01
 0.375256797974D+01  0.375921853965D+01  0.376586993162D+01  0.377252215409D+01
 0.377917520545D+01  0.378582908415D+01  0.379248378861D+01  0.379913931726D+01
 0.380579566853D+01  0.381245284087D+01  0.381911083272D+01  0.382576964252D+01
 0.383242926872D+01  0.383908970978D+01  0.384575096415D+01  0.385241303029D+01
 0.385907590667D+01  0.386573959175D+01  0.387240408400D+01  0.387906938189D+01
 0.388573548391D+01  0.389240238852D+01  0.389907009422D+01  0.390573859950D+01
 0.391240790283D+01  0.391907800272D+01  0.392574889765D+01  0.393242058614D+01
 0.393909306668D+01  0.394576633778D+01  0.395244039796D+01  0.395911524571D+01
 0.396579087956D+01  0.397246729803D+01  0.397914449964D+01  0.398582248292D+01
 0.399250124639D+01  0.399918078858D+01  0.400586110804D+01  0.401254220324D+01
 0.401922407127D+01  0.402590670792D+01  0.403259010891D+01  0.403927426996D+01
 0.404595918684D+01  0.405264485531D+01  0.405933127115D+01  0.406601843014D+01
 0.407270632809D+01  0.407939496082D+01  0.408608432415D+01  0.409277441393D+01
 0.409946522601D+01  0.410615675627D+01  0.411284900057D+01  0.411954195482D+01
 0.412623561492D+01  0.413292997679D+01  0.413962503636D+01  0.414632078957D+01
 0.415301723238D+01  0.415971436076D+01  0.416641217070D+01  0.417311065817D+01
 0.417980981919D+01  0.418650964978D+01  0.419321014596D+01  0.419991130379D+01
 0.420661311930D+01  0.421331558858D+01  0.422001870770D+01  0.422672247274D+01
 0.423342687982D+01  0.424013192504D+01  0.424683760453D+01  0.425354391444D+01
 0.426025085091D+01  0.426695841010D+01  0.427366658818D+01  0.428037538135D+01
 0.428708478580D+01  0.429379479773D+01  0.430050541338D+01  0.430721662896D+01
 0.431392844072D+01  0.432064084493D+01  0.432735383783D+01  0.433406741572D+01
 0.434078157487D+01  0.434749631160D+01  0.435421162220D+01  0.436092750301D+01
 0.436764395036D+01  0.437436096059D+01  0.438107853006D+01  0.438779665552D+01
 0.439451533488D+01  0.440123456622D+01  0.440795434764D+01  0.441467467723D+01
 0.442139555310D+01  0.442811697335D+01  0.443483893612D+01  0.444156143950D+01
 0.444828448164D+01  0.445500806065D+01  0.446173217468D+01  0.446845682185D+01
 0.447518200033D+01  0.448190770825D+01  0.448863394376D+01  0.449536070504D+01
 0.450208799023D+01  0.450881579752D+01  0.451554412506D+01  0.452227297105D+01
 0.452900233366D+01  0.453573221107D+01  0.454246260149D+01  0.454919350311D+01
 0.455592491412D+01  0.456265683274D+01  0.456938925717D+01  0.457612218563D+01
 0.458285561635D+01  0.458958954753D+01  0.459632397742D+01  0.460305890425D+01
 0.460979432624D+01  0.461653024166D+01  0.462326664874D+01  0.463000354573D+01
 0.463674093089D+01  0.464347880248D+01  0.465021715877D+01  0.465695599802D+01
 0.466369531851D+01  0.467043511852D+01  0.467717539632D+01  0.468391615021D+01
 0.469065737848D+01  0.469739907941D+01  0.470414125132D+01  0.471088389251D+01
 0.471762700127D+01  0.472437057594D+01  0.473111461482D+01  0.473785911623D+01
 0.474460407850D+01  0.475134949996D+01  0.475809537895D+01  0.476484171379D+01
 0.477158850284D+01  0.477833574444D+01  0.478508343694D+01  0.479183157870D+01
 0.479858016807D+01  0.480532920341D+01  0.481207868310D+01  0.481882860551D+01
 0.482557896900D+01  0.483232977197D+01  0.483908101279D+01  0.484583268984D+01
 0.485258480153D+01  0.485933734625D+01  0.486609032239D+01  0.487284372836D+01
 0.487959756256D+01  0.488635182342D+01  0.489310650934D+01  0.489986161873D+01
 0.490661715004D+01  0.491337310167D+01  0.492012947207D+01  0.492688625967D+01
 0.493364346290D+01  0.494040108020D+01  0.494715911004D+01  0.495391755084D+01
 0.496067640108D+01  0.496743565920D+01  0.497419532366D+01  0.498095539294D+01
 0.498771578906D+01  0.499447666329D+01  0.500123793778D+01  0.500799961107D+01
 0.501476168164D+01  0.502152414803D+01  0.502828700875D+01  0.503505026233D+01
 0.504181390729D+01  0.504857794217D+01  0.505534236549D+01  0.506210717580D+01
 0.506887237165D+01  0.507563795156D+01  0.508240391410D+01  0.508917025782D+01
 0.509593698127D+01  0.510270408301D+01  0.510947156161D+01  0.511623941563D+01
 0.512300764365D+01  0.512977624423D+01  0.513654521597D+01  0.514331455742D+01
 0.515008426719D+01  0.515685434386D+01  0.516362478601D+01  0.517039559226D+01
 0.517716676118D+01  0.518393829140D+01  0.519071018150D+01  0.519748243010D+01
 0.520425503582D+01  0.521102799726D+01  0.521780131304D+01  0.522457490522D+01
 0.523134892548D+01  0.523812329599D+01  0.524489801542D+01  0.525167308243D+01
 0.525844849569D+01  0.526522425404D+01  0.527200035752D+01  0.527877680664D+01
 0.528555360194D+01  0.529233074391D+01  0.529910823308D+01  0.530588606996D+01
 0.531266425505D+01  0.531944278886D+01  0.532622167190D+01  0.533300090465D+01
 0.533978048763D+01  0.534656042132D+01  0.535334070622D+01  0.536012134281D+01
 0.536690233159D+01  0.537368367303D+01  0.538046536762D+01  0.538724741583D+01
 0.539402981815D+01  0.540081257504D+01  0.540759568698D+01  0.541437915444D+01
 0.542116297787D+01  0.542794715775D+01  0.543473169454D+01  0.544151658868D+01
 0.544830184065D+01  0.545508745088D+01  0.546187341984D+01  0.546865974796D+01
 0.547544643570D+01  0.548223348349D+01  0.548902089178D+01  0.549580866101D+01
 0.550259679161D+01  0.550938528401D+01  0.551617413864D+01  0.552296335593D+01
 0.552975293631D+01  0.553654288020D+01  0.554333318801D+01  0.555012386018D+01
 0.555691489710D+01  0.556370629921D+01  0.557049806689D+01  0.557729020058D+01
 0.558408270066D+01  0.559087556755D+01  0.559766880164D+01  0.560446240334D+01
 0.561125637303D+01  0.561805071112D+01  0.562484541800D+01  0.563164049405D+01
 0.563843593966D+01  0.564523175522D+01  0.565202794110D+01  0.565882449769D+01
 0.566562142537D+01  0.567241872450D+01  0.567921639547D+01  0.568601443864D+01
 0.569281285439D+01  0.569961164307D+01  0.570641080505D+01  0.571321034070D+01
 0.572001025036D+01  0.572681053441D+01  0.573361119318D+01  0.574041222704D+01
 0.574721363634D+01  0.575401542142D+01  0.576081758263D+01  0.576762012031D+01
 0.577442303481D+01  0.578122632645D+01  0.578802999559D+01  0.579483404254D+01
 0.580163846766D+01  0.580844327126D+01  0.581524845367D+01  0.582205401522D+01
 0.582885995624D+01  0.583566627704D+01  0.584247297794D+01  0.584928005926D+01
 0.585608752132D+01  0.586289536443D+01  0.586970358890D+01  0.587651219504D+01
 0.588332118315D+01  0.589013055354D+01  0.589694030652D+01  0.590375044237D+01
 0.591056096141D+01  0.591737186392D+01  0.592418315020D+01  0.593099482054D+01
 0.593780687523D+01  0.594461931457D+01  0.595143213882D+01  0.595824534829D+01
 0.596505894325D+01  0.597187292397D+01  0.597868729075D+01  0.598550204385D+01
 0.599231718354D+01  0.599913271010D+01  0.600594862380D+01  0.601276492490D+01
 0.601958161368D+01  0.602639869039D+01  0.603321615529D+01  0.604003400865D+01
 0.604685225072D+01  0.605367088176D+01  0.606048990202D+01  0.606730931176D+01
 0.607412911122D+01  0.608094930065D+01  0.608776988030D+01  0.609459085041D+01
 0.610141221122D+01  0.610823396300D+01  0.611505610628D+01  0.612187864173D+01
 0.612870157005D+01  0.613552489191D+01  0.614234860798D+01  0.614917271895D+01
 0.615599722548D+01  0.616282212823D+01  0.616964742787D+01  0.617647312506D+01
 0.618329922046D+01  0.619012571472D+01  0.619695260849D+01  0.620377990241D+01
 0.621060759714D+01  0.621743569331D+01  0.622426419156D+01  0.623109309253D+01
 0.623792239684D+01  0.624475210512D+01  0.625158221801D+01  0.625841273612D+01
 0.626524366007D+01  0.627207499048D+01  0.627890672795D+01  0.628573887311D+01
 0.629257142655D+01  0.629940438889D+01  0.630623776072D+01  0.631307154263D+01
 0.631990573523D+01  0.632674033911D+01  0.633357535485D+01  0.634041078304D+01
 0.634724662426D+01  0.635408287909D+01  0.636091954812D+01  0.636775663190D+01
 0.637459413102D+01  0.638143204552D+01  0.638827037457D+01  0.639510911727D+01
 0.640194827270D+01  0.640878783994D+01  0.641562781810D+01  0.642246820626D+01
 0.642930900352D+01  0.643615020898D+01  0.644299182172D+01  0.644983384085D+01
 0.645667626546D+01  0.646351909455D+01  0.647036232712D+01  0.647720596214D+01
 0.648404999862D+01  0.649089443553D+01  0.649773927187D+01  0.650458450664D+01
 0.651143013884D+01  0.651827616745D+01  0.652512259149D+01  0.653196940996D+01
 0.653881662185D+01  0.654566422618D+01  0.655251222196D+01  0.655936060819D+01
 0.656620938389D+01  0.657305854807D+01  0.657990809975D+01  0.658675803794D+01
 0.659360836167D+01  0.660045906996D+01  0.660731016175D+01  0.661416163592D+01
 0.662101349138D+01  0.662786572700D+01  0.663471834168D+01  0.664157133430D+01
 0.664842470378D+01  0.665527844900D+01  0.666213256886D+01  0.666898706228D+01
 0.667584192815D+01  0.668269716538D+01  0.668955277289D+01  0.669640874958D+01
 0.670326509437D+01  0.671012180618D+01  0.671697888393D+01  0.672383632654D+01
 0.673069413294D+01  0.673755230204D+01  0.674441083279D+01  0.675126972411D+01
 0.675812897493D+01  0.676498858420D+01  0.677184855085D+01  0.677870887381D+01
 0.678556955204D+01  0.679243058448D+01  0.679929197007D+01  0.680615370777D+01
 0.681301579652D+01  0.681987823529D+01  0.682674102302D+01  0.683360415867D+01
 0.684046764122D+01  0.684733146961D+01  0.685419564281D+01  0.686106015980D+01
 0.686792501953D+01  0.687479022099D+01  0.688165576315D+01  0.688852164498D+01
 0.689538786545D+01  0.690225442356D+01  0.690912131828D+01  0.691598854860D+01
 0.692285611351D+01  0.692972401198D+01  0.693659224302D+01  0.694346080562D+01
 0.695032969877D+01  0.695719892148D+01  0.696406847273D+01  0.697093835153D+01
 0.697780855689D+01  0.698467908780D+01  0.699154994329D+01  0.699842112236D+01
 0.700529262401D+01  0.701216444732D+01  0.701903659171D+01  0.702590905670D+01
 0.703278184182D+01  0.703965494663D+01  0.704652837065D+01  0.705340211343D+01
 0.706027617450D+01  0.706715055340D+01  0.707402524968D+01  0.708090026287D+01
 0.708777559251D+01  0.709465123815D+01  0.710152719933D+01  0.710840347559D+01
 0.711528006647D+01  0.712215697152D+01  0.712903419028D+01  0.713591172230D+01
 0.714278956712D+01  0.714966772428D+01  0.715654619334D+01  0.716342497384D+01
 0.717030406533D+01  0.717718346735D+01  0.718406317945D+01  0.719094320119D+01
 0.719782353211D+01  0.720470417176D+01  0.721158511969D+01  0.721846637545D+01
 0.722534793860D+01  0.723222980868D+01  0.723911198525D+01  0.724599446786D+01
 0.725287725606D+01  0.725976034941D+01  0.726664374746D+01  0.727352744977D+01
 0.728041145588D+01  0.728729576546D+01  0.729418037846D+01  0.730106529495D+01
 0.730795051497D+01  0.731483603857D+01  0.732172186580D+01  0.732860799671D+01
 0.733549443134D+01  0.734238116974D+01  0.734926821196D+01  0.735615555803D+01
 0.736304320800D+01  0.736993116191D+01  0.737681941981D+01  0.738370798173D+01
 0.739059684771D+01  0.739748601779D+01  0.740437549201D+01  0.741126527040D+01
 0.741815535300D+01  0.742504573985D+01  0.743193643097D+01  0.743882742640D+01
 0.744571872618D+01  0.745261033033D+01  0.745950223888D+01  0.746639445187D+01
 0.747328696931D+01  0.748017979125D+01  0.748707291770D+01  0.749396634870D+01
 0.750086008426D+01  0.750775412441D+01  0.751464846917D+01  0.752154311857D+01
 0.752843807263D+01  0.753533333137D+01  0.754222889480D+01  0.754912476295D+01
 0.755602093584D+01  0.756291741348D+01  0.756981419588D+01  0.757671128307D+01
 0.758360867506D+01  0.759050637187D+01  0.759740437350D+01  0.760430267996D+01
 0.761120129128D+01  0.761810020745D+01  0.762499942849D+01  0.763189895442D+01
 0.763879878522D+01  0.764569892093D+01  0.765259936153D+01  0.765950010703D+01
 0.766640115745D+01  0.767330251278D+01  0.768020417302D+01  0.768710613819D+01
 0.769400840828D+01  0.770091098328D+01  0.770781386321D+01  0.771471704806D+01
 0.772162053783D+01  0.772852433251D+01  0.773542843210D+01  0.774233283660D+01
 0.774923754601D+01  0.775614256031D+01  0.776304787951D+01  0.776995350359D+01
 0.777685943254D+01  0.778376566636D+01  0.779067220503D+01  0.779757904856D+01
 0.780448619692D+01  0.781139365010D+01  0.781830140809D+01  0.782520947088D+01
 0.783211783845D+01  0.783902651079D+01  0.784593548787D+01  0.785284476970D+01
 0.785975435624D+01  0.786666424748D+01  0.787357444340D+01  0.788048494398D+01
 0.788739574920D+01  0.789430685904D+01  0.790121827348D+01  0.790812999249D+01
 0.791504201605D+01  0.792195434414D+01  0.792886697673D+01  0.793577991380D+01
 0.794269315531D+01  0.794960670125D+01  0.795652055158D+01  0.796343470628D+01
 0.797034916532D+01  0.797726392866D+01  0.798417899627D+01  0.799109436814D+01
 0.799801004421D+01  0.800492602446D+01  0.801184230886D+01  0.801875889736D+01
 0.802567578994D+01  0.803259298657D+01  0.803951048719D+01  0.804642829178D+01
 0.805334640030D+01  0.806026481271D+01  0.806718352896D+01  0.807410254903D+01
 0.808102187286D+01  0.808794150042D+01  0.809486143167D+01  0.810178166656D+01
 0.810870220505D+01  0.811562304709D+01  0.812254419263D+01  0.812946564165D+01
 0.813638739408D+01  0.814330944988D+01  0.815023180900D+01  0.815715447139D+01
 0.816407743701D+01  0.817100070580D+01  0.817792427772D+01  0.818484815271D+01
 0.819177233072D+01  0.819869681170D+01  0.820562159560D+01  0.821254668236D+01
 0.821947207192D+01  0.822639776424D+01  0.823332360259D+01  0.824024990010D+01
 0.824717650025D+01  0.825410340301D+01  0.826103060837D+01  0.826795811630D+01
 0.827488592677D+01  0.828181403975D+01  0.828874245522D+01  0.829567117314D+01
 0.830260019350D+01  0.830952951625D+01  0.831645914137D+01  0.832338906883D+01
 0.833031929859D+01  0.833724983063D+01  0.834418066491D+01  0.835111180140D+01
 0.835804324006D+01  0.836497498086D+01  0.837190702376D+01  0.837883936873D+01
 0.838577201572D+01  0.839270496472D+01  0.839963821566D+01  0.840657176853D+01
 0.841350562327D+01  0.842043977985D+01  0.842737423823D+01  0.843430899836D+01
 0.844124406021D+01  0.844817942374D+01  0.845511508889D+01  0.846205105563D+01
 0.846898732392D+01  0.847592389370D+01  0.848286076494D+01  0.848979793759D+01
 0.849673541160D+01  0.850367318692D+01  0.851061126351D+01  0.851754964132D+01
 0.852448832030D+01  0.853142730040D+01  0.853836658158D+01  0.854530616378D+01
 0.855224604694D+01  0.855918623103D+01  0.856612671598D+01  0.857306750175D+01
 0.858000858827D+01  0.858694997551D+01  0.859389166339D+01  0.860083365188D+01
 0.860777594091D+01  0.861471853061D+01  0.862166142120D+01  0.862860461293D+01
 0.863554810602D+01  0.864249190073D+01  0.864943599727D+01  0.865638039589D+01
 0.866332509682D+01  0.867027010028D+01  0.867721540651D+01  0.868416101572D+01
 0.869110692816D+01  0.869805314404D+01  0.870499966359D+01  0.871194648703D+01
 0.871889361458D+01  0.872584104646D+01  0.873278878288D+01  0.873973682408D+01
 0.874668517025D+01  0.875363382163D+01  0.876058277841D+01  0.876753204081D+01
 0.877448160905D+01  0.878143148333D+01  0.878838166386D+01  0.879533215084D+01
 0.880228294434D+01  0.880923404424D+01  0.881618545042D+01  0.882313716278D+01
 0.883008918137D+01  0.883704150634D+01  0.884399413787D+01  0.885094707612D+01
 0.885790032125D+01  0.886485387342D+01  0.887180773287D+01  0.887876189989D+01
 0.888571637479D+01  0.889267115785D+01  0.889962624940D+01  0.890658164971D+01
 0.891353735910D+01  0.892049337786D+01  0.892744970629D+01  0.893440634467D+01
 0.894136329331D+01  0.894832055249D+01  0.895527812251D+01  0.896223600365D+01
 0.896919419621D+01  0.897615270047D+01  0.898311151673D+01  0.899007064526D+01
 0.899703008635D+01  0.900398984028D+01  0.901094990733D+01  0.901791028780D+01
 0.902487098195D+01  0.903183199006D+01  0.903879331242D+01  0.904575494930D+01
 0.905271690097D+01  0.905967916771D+01  0.906664174979D+01  0.907360464749D+01
 0.908056786107D+01  0.908753139081D+01  0.909449523697D+01  0.910145939983D+01
 0.910842387964D+01  0.911538867668D+01  0.912235379120D+01  0.912931922347D+01
 0.913628497376D+01  0.914325104233D+01  0.915021742943D+01  0.915718413532D+01
 0.916415116027D+01  0.917111850452D+01  0.917808616834D+01  0.918505415198D+01
 0.919202245569D+01  0.919899107972D+01  0.920596002433D+01  0.921292928977D+01
 0.921989887628D+01  0.922686878412D+01  0.923383901353D+01  0.924080956476D+01
 0.924778043805D+01  0.925475163365D+01  0.926172315180D+01  0.926869499273D+01
 0.927566715671D+01  0.928263964395D+01  0.928961245470D+01  0.929658558920D+01
 0.930355904769D+01  0.931053283040D+01  0.931750693756D+01  0.932448136941D+01
 0.933145612618D+01  0.933843120811D+01  0.934540661542D+01  0.935238234834D+01
 0.935935840710D+01  0.936633479193D+01  0.937331150305D+01  0.938028854069D+01
 0.938726590508D+01  0.939424359643D+01  0.940122161497D+01  0.940819996091D+01
 0.941517863421D+01  0.942215763464D+01  0.942913696198D+01  0.943611661598D+01
 0.944309659641D+01  0.945007690304D+01  0.945705753564D+01  0.946403849397D+01
 0.947101977779D+01  0.947800138688D+01  0.948498332101D+01  0.949196557993D+01
 0.949894816341D+01  0.950593107123D+01  0.951291430315D+01  0.951989785894D+01
 0.952688173836D+01  0.953386594118D+01  0.954085046718D+01  0.954783531611D+01
 0.955482048776D+01  0.956180598187D+01  0.956879179823D+01  0.957577793661D+01
 0.958276439676D+01  0.958975117847D+01  0.959673828149D+01  0.960372570560D+01
 0.961071345057D+01  0.961770151616D+01  0.962468990215D+01  0.963167860830D+01
 0.963866763438D+01  0.964565698017D+01  0.965264664543D+01  0.965963662994D+01
 0.966662693346D+01  0.967361755576D+01  0.968060849662D+01  0.968759975579D+01
 0.969459133307D+01  0.970158322821D+01  0.970857544098D+01  0.971556797116D+01
 0.972256081851D+01  0.972955398263D+01  0.973654746287D+01  0.974354125857D+01
 0.975053536907D+01  0.975752979372D+01  0.976452453185D+01  0.977151958280D+01
 0.977851494593D+01  0.978551062058D+01  0.979250660609D+01  0.979950290182D+01
 0.980649950711D+01  0.981349642132D+01  0.982049364379D+01  0.982749117388D+01
 0.983448901094D+01  0.984148715433D+01  0.984848560340D+01  0.985548435752D+01
 0.986248341604D+01  0.986948277832D+01  0.987648244371D+01  0.988348241159D+01
 0.989048268132D+01  0.989748325226D+01  0.990448412377D+01  0.991148529523D+01
 0.991848676599D+01  0.992548853543D+01  0.993249060292D+01  0.993949296783D+01
 0.994649562953D+01  0.995349858739D+01  0.996050184079D+01  0.996750538910D+01
 0.997450923170D+01  0.998151336797D+01  0.998851779728D+01  0.999552251902D+01
 0.100025275326D+02  0.100095328373D+02  0.100165384326D+02  0.100235443179D+02
 0.100305504924D+02  0.100375569558D+02  0.100445637072D+02  0.100515707461D+02
 0.100585780719D+02  0.100655856840D+02  0.100725935818D+02  0.100796017646D+02
 0.100866102319D+02  0.100936189830D+02  0.101006280174D+02  0.101076373344D+02
 0.101146469335D+02  0.101216568140D+02  0.101286669753D+02  0.101356774168D+02
 0.101426881380D+02  0.101496991383D+02  0.101567104170D+02  0.101637219735D+02
 0.101707338073D+02  0.101777459178D+02  0.101847583043D+02  0.101917709663D+02
 0.101987839032D+02  0.102057971144D+02  0.102128105993D+02  0.102198243573D+02
 0.102268383878D+02  0.102338526903D+02  0.102408672642D+02  0.102478821089D+02
 0.102548972237D+02  0.102619126082D+02  0.102689282617D+02  0.102759441837D+02
 0.102829603735D+02  0.102899768306D+02  0.102969935545D+02  0.103040105445D+02
 0.103110278001D+02  0.103180453207D+02  0.103250631057D+02  0.103320811546D+02
 0.103390994668D+02  0.103461180416D+02  0.103531368787D+02  0.103601559773D+02
 0.103671753369D+02  0.103741949569D+02  0.103812148369D+02  0.103882349761D+02
 0.103952553741D+02  0.104022760303D+02  0.104092969441D+02  0.104163181150D+02
 0.104233395424D+02  0.104303612257D+02  0.104373831644D+02  0.104444053580D+02
 0.104514278058D+02  0.104584505073D+02  0.104654734620D+02  0.104724966694D+02
 0.104795201288D+02  0.104865438397D+02  0.104935678015D+02  0.105005920138D+02
 0.105076164759D+02  0.105146411873D+02  0.105216661475D+02  0.105286913560D+02
 0.105357168121D+02  0.105427425153D+02  0.105497684651D+02  0.105567946609D+02
 0.105638211023D+02  0.105708477886D+02  0.105778747193D+02  0.105849018939D+02
 0.105919293119D+02  0.105989569726D+02  0.106059848756D+02  0.106130130204D+02
 0.106200414063D+02  0.106270700329D+02  0.106340988997D+02  0.106411280060D+02
 0.106481573514D+02  0.106551869354D+02  0.106622167573D+02  0.106692468167D+02
 0.106762771131D+02  0.106833076459D+02  0.106903384145D+02  0.106973694186D+02
 0.107044006575D+02  0.107114321307D+02  0.107184638377D+02  0.107254957780D+02
 0.107325279510D+02  0.107395603564D+02  0.107465929942D+02  0.107536258645D+02
 0.107606589673D+02  0.107676923027D+02  0.107747258707D+02  0.107817596715D+02
 0.107887937050D+02  0.107958279714D+02  0.108028624705D+02  0.108098972023D+02
 0.108169321668D+02  0.108239673639D+02  0.108310027935D+02  0.108380384556D+02
 0.108450743501D+02  0.108521104769D+02  0.108591468360D+02  0.108661834274D+02
 0.108732202510D+02  0.108802573066D+02  0.108872945943D+02  0.108943321140D+02
 0.109013698657D+02  0.109084078492D+02  0.109154460645D+02  0.109224845116D+02
 0.109295231904D+02  0.109365621008D+02  0.109436012428D+02  0.109506406163D+02
 0.109576802212D+02  0.109647200575D+02  0.109717601252D+02  0.109788004241D+02
 0.109858409542D+02  0.109928817154D+02  0.109999227077D+02  0.110069639307D+02
 0.110140053845D+02  0.110210470687D+02  0.110280889832D+02  0.110351311279D+02
 0.110421735024D+02  0.110492161068D+02  0.110562589406D+02  0.110633020039D+02
 0.110703452964D+02  0.110773888179D+02  0.110844325683D+02  0.110914763881D+02
 0.110985205955D+02  0.111055650312D+02  0.111126096952D+02  0.111196545872D+02
 0.111266997071D+02  0.111337450547D+02  0.111407906299D+02  0.111478364325D+02
 0.111548824624D+02  0.111619287194D+02  0.111689752033D+02  0.111760219141D+02
 0.111830688515D+02  0.111901160154D+02  0.111971634056D+02  0.112042110220D+02
 0.112112588645D+02  0.112183069329D+02  0.112253552269D+02  0.112324037466D+02
 0.112394524917D+02  0.112465014620D+02  0.112535506575D+02  0.112606000780D+02
 0.112676497232D+02  0.112746995932D+02  0.112817496876D+02  0.112888000064D+02
 0.112958505495D+02  0.113029013166D+02  0.113099523076D+02  0.113170035224D+02
 0.113240549608D+02  0.113311066226D+02  0.113381583483D+02  0.113452104565D+02
 0.113522627878D+02  0.113593153420D+02  0.113663681190D+02  0.113734211187D+02
 0.113804743409D+02  0.113875277057D+02  0.113945813725D+02  0.114016352613D+02
 0.114086893722D+02  0.114157437049D+02  0.114227982593D+02  0.114298530353D+02
 0.114369080327D+02  0.114439632515D+02  0.114510186914D+02  0.114580743524D+02
 0.114651302343D+02  0.114721863369D+02  0.114792426603D+02  0.114862992041D+02
 0.114933559684D+02  0.115004129529D+02  0.115074701575D+02  0.115145275822D+02
 0.115215852267D+02  0.115286430909D+02  0.115357011748D+02  0.115427594781D+02
 0.115498180008D+02  0.115568767428D+02  0.115639357038D+02  0.115709948838D+02
 0.115780542826D+02  0.115851139001D+02  0.115921737362D+02  0.115992337908D+02
 0.116062940637D+02  0.116133545548D+02  0.116204152639D+02  0.116274761910D+02
 0.116345373360D+02  0.116415986986D+02  0.116486602788D+02  0.116557220765D+02
 0.116627840914D+02  0.116698463235D+02  0.116769087727D+02  0.116839714389D+02
 0.116910343219D+02  0.116980974215D+02  0.117051607377D+02  0.117122242704D+02
 0.117192880194D+02  0.117263519845D+02  0.117334161658D+02  0.117404805630D+02
 0.117475451760D+02  0.117546100047D+02  0.117616750490D+02  0.117687403087D+02
 0.117758057838D+02  0.117828714741D+02  0.117899373795D+02  0.117970034998D+02
 0.118040698350D+02  0.118111363849D+02  0.118182031494D+02  0.118252701284D+02
 0.118323373217D+02  0.118394047293D+02  0.118464723510D+02  0.118535401867D+02
 0.118606082363D+02  0.118676764996D+02  0.118747449765D+02  0.118818136670D+02
 0.118888825709D+02  0.118959516880D+02  0.119030210183D+02  0.119100905616D+02
 0.119171603179D+02  0.119242302869D+02  0.119313004687D+02  0.119383708630D+02
 0.119454414697D+02  0.119525122888D+02  0.119595833200D+02  0.119666545634D+02
 0.119737260187D+02  0.119807976859D+02  0.119878695648D+02  0.119949416554D+02
 0.120020139574D+02  0.120090864709D+02  0.120161591956D+02  0.120232321314D+02
 0.120303052783D+02  0.120373786361D+02  0.120444522047D+02  0.120515259840D+02
 0.120585999739D+02  0.120656741742D+02  0.120727485849D+02  0.120798232058D+02
 0.120868980368D+02  0.120939730778D+02  0.121010483286D+02  0.121081237893D+02
 0.121151994596D+02  0.121222753394D+02  0.121293514286D+02  0.121364277272D+02
 0.121435042349D+02  0.121505809517D+02  0.121576578775D+02  0.121647350121D+02
 0.121718123555D+02  0.121788899075D+02  0.121859676680D+02  0.121930456369D+02
 0.122001238140D+02  0.122072021994D+02  0.122142807928D+02  0.122213595941D+02
 0.122284386033D+02  0.122355178202D+02  0.122425972447D+02  0.122496768767D+02
 0.122567567161D+02  0.122638367628D+02  0.122709170166D+02  0.122779974774D+02
 0.122850781452D+02  0.122921590199D+02  0.122992401012D+02  0.123063213891D+02
 0.123134028836D+02  0.123204845844D+02  0.123275664914D+02  0.123346486047D+02
 0.123417309239D+02  0.123488134492D+02  0.123558961802D+02  0.123629791170D+02
 0.123700622593D+02  0.123771456072D+02  0.123842291604D+02  0.123913129189D+02
 0.123983968826D+02  0.124054810514D+02  0.124125654250D+02  0.124196500036D+02
 0.124267347868D+02  0.124338197747D+02  0.124409049671D+02  0.124479903638D+02
 0.124550759649D+02  0.124621617701D+02  0.124692477795D+02  0.124763339928D+02
 0.124834204099D+02  0.124905070308D+02  0.124975938553D+02  0.125046808834D+02
 0.125117681149D+02  0.125188555497D+02  0.125259431877D+02  0.125330310288D+02
 0.125401190729D+02  0.125472073199D+02  0.125542957697D+02  0.125613844221D+02
 0.125684732771D+02  0.125755623345D+02  0.125826515943D+02  0.125897410564D+02
