        3000   0.883529        6.19533        564.781       1    
   0    
    2.74118128083302         2.72751504868928         2.71392773054636     
    2.70041881640427         2.68698779626299         2.67363405812253     
    2.66035715998288         2.64715652384403         2.63403160570597     
    2.62098196356871         2.60800698543223         2.59510626329654     
    2.58227921916162         2.56952537702747         2.55684426089408     
    2.54423536076145         2.53169816662958         2.51923223649846     
    2.50683702636808         2.49451212823844         2.48225703210954     
    2.47007129598136         2.45795440985391         2.44590596572718     
    2.43392545360116         2.42201246547586         2.41016652535126     
    2.39838719122736         2.38667402110415         2.37502657298164     
    2.36344440485981         2.35192710873867         2.34047424261820     
    2.32908533049841         2.31776003237928         2.30649790626082     
    2.29529851014302         2.28416143602588         2.27308627590938     
    2.26207265579354         2.25112009967833         2.24022830156377     
    2.22939681944984         2.21862524533654         2.20791320522386     
    2.19726029111181         2.18666616300038         2.17613041288956     
    2.16565266677935         2.15523251666974         2.14486965656074     
    2.13456367845234         2.12431420834453         2.11412087223731     
    2.10398333013068         2.09390124202463         2.08387423391916     
    2.07390193181427         2.06398402970995         2.05412011960619     
    2.04430992950301         2.03455305140038         2.02484917929831     
    2.01519797319679         2.00559909309583         1.99605219899541     
    1.98655698489553         1.97711311079620         1.96772027069740     
    1.95837809059913         1.94908633250140         1.93984458840419     
    1.93065258630750         1.92151002021134         1.91241658411569     
    1.90337197202055         1.89437584392593         1.88542792783181     
    1.87652788373820         1.86767547364508         1.85887035755247     
    1.85011226346034         1.84140088536871         1.83273591727757     
    1.82411708718691         1.81554415709674         1.80701675300705     
    1.79853467091783         1.79009757082908         1.78170521474081     
    1.77335729665300         1.76505361256566         1.75679378847878     
    1.74857762039236         1.74040483630639         1.73227516422088     
    1.72418833213582         1.71614406805120         1.70814216796704     
    1.70018229188331         1.69226423580003         1.68438772771718     
    1.67655256363476         1.66875840355278         1.66100507747123     
    1.65329227939010         1.64561980530940         1.63798738322912     
    1.63039480914925         1.62284181106981         1.61532815099078     
    1.60785359091215         1.60041792683394         1.59302088675614     
    1.58566226667874         1.57834182860174         1.57105930052513     
    1.56381454644893         1.55660726037312         1.54943727229770     
    1.54230431022268         1.53520817014804         1.52814868207378     
    1.52112557399991         1.51413860792642         1.50718764785330     
    1.50027242178057         1.49339275970820         1.48654838963621     
    1.47973914156459         1.47296484549333         1.46622522942244     
    1.45952012335191         1.45284928928175         1.44621259121194     
    1.43960975714249         1.43304065107339         1.42650503500465     
    1.42000273893625         1.41353355886821         1.40709725680051     
    1.40069373073315         1.39432270866614         1.38798402059946     
    1.38167753053313         1.37540300046713         1.36916022640147     
    1.36294907233613         1.35676933427113         1.35062084220646     
    1.34450339214211         1.33841681407809         1.33236097201439     
    1.32633559395102         1.32034061188796         1.31437575382522     
    1.30844091776279         1.30253593370068         1.29666056363888     
    1.29081467157739         1.28499812151621         1.27921070945534     
    1.27345226539477         1.26772265333450         1.26202166927453     
    1.25634917721487         1.25070504115550         1.24508902309643     
    1.23950105503765         1.23394089897917         1.22840845292097     
    1.22290351286307         1.21742594280545         1.21197560674813     
    1.20655233469108         1.20115595663432         1.19578637057784     
    1.19044337252164         1.18512682646572         1.17983659641007     
    1.17457254635470         1.16933450629961         1.16412234024478     
    1.15893587819023         1.15377501813594         1.14863955608193     
    1.14352942402818         1.13844445197469         1.13338446992147     
    1.12834937586851         1.12333899981580         1.11835323976336     
    1.11339192571118         1.10845492165925         1.10354212560757     
    1.09865340155615         1.09378857950498         1.08894755745406     
    1.08413019940339         1.07933633535296         1.07456589730279     
    1.06981871525285         1.06509468720316         1.06039364315372     
    1.05571551510451         1.05106013305554         1.04642736100681     
    1.04181713095832         1.03722927291006         1.03266368486204     
    1.02812023081425         1.02359880876669         1.01909928271936     
    1.01462155067226         1.01016544262539         1.00573092457875     
    1.00131779253233        0.996925978486133        0.992555380440161     
   0.988205862394410        0.983877288348880        0.979569556303570     
   0.975282564258477        0.971016210213602        0.966770358168942     
   0.962544906124496        0.958339752080265        0.954154794036245     
   0.949989895992437        0.945844955948839        0.941719871905449     
   0.937614541862267        0.933528863819292        0.929462701776522     
   0.925415987733957        0.921388619691595        0.917380427649435     
   0.913391411607477        0.909421401565719        0.905470295524159     
   0.901537991482797        0.897624421441632        0.893729483400664     
   0.889853041359890        0.885995027319309        0.882155339278921     
   0.878333875238726        0.874530533198720        0.870745211158904     
   0.866977841119277        0.863228287079838        0.859496481040585     
   0.855782321001518        0.852085738962635        0.848406598923936     
   0.844744866885421        0.841100372847086        0.837473082808933     
   0.833862894770959        0.830269706733164        0.826693450695547     
   0.823134024658108        0.819591326620844        0.816065288583755     
   0.812555808546841        0.809062818510100        0.805586216473532     
   0.802125900437134        0.798681836400908        0.795253888364852     
   0.791841988328963        0.788446068293244        0.785066026257691     
   0.781701794222304        0.778353304187083        0.775020420152026     
   0.771703074117133        0.768401232082403        0.765114792047834     
   0.761843652013427        0.758587743979180        0.755346999945092     
   0.752121317911163        0.748910663877392        0.745714901843777     
   0.742533997810319        0.739367883777016        0.736216423743868     
   0.733079617710873        0.729957329678032        0.726849491645342     
   0.723756069612804        0.720676961580416        0.717612099548179     
   0.714561415516090        0.711524807484150        0.708502241452357     
   0.705493615420711        0.702498861389211        0.699517945357856     
   0.696550765326646        0.693597253295580        0.690657341264656     
   0.687730927233875        0.684818011203235        0.681918491172737     
   0.679032265142378        0.676159333112159        0.673299559082079     
   0.670452909052137        0.667619349022332        0.664798742992663     
   0.661991056963131        0.659196256933734        0.656414240904471     
   0.653644940875343        0.650888288846347        0.648144250817484     
   0.645412758788753        0.642693744760153        0.639987140731683     
   0.637292844703343        0.634610856675133        0.631941108647051     
   0.629283498619097        0.626637992591271        0.624004522563571     
   0.621383054535997        0.618773486508548        0.616175750481224     
   0.613589846454024        0.611015672426948        0.608453194399995     
   0.605902310373163        0.603362986346453        0.600835188319865     
   0.598318848293397        0.595813864267048        0.593320236240819     
   0.590837896214709        0.588366776188716        0.585906808162841     
   0.583457958137083        0.581020158111441        0.578593340085915     
   0.576177504060504        0.573772548035207        0.571378404010025     
   0.568995071984956        0.566622449959999        0.564260503935155     
   0.561909199910423        0.559568469885802        0.557238245861292     
   0.554918459836891        0.552609145812601        0.550310167788419     
   0.548021491764346        0.545743083740380        0.543474875716522     
   0.541216833692771        0.538968923669127        0.536731043645588     
   0.534503193622154        0.532285305598825        0.530077345575601     
   0.527879211552480        0.525690903529462        0.523512387506547     
   0.521343595483735        0.519184425461024        0.517034945438415     
   0.514894985415906        0.512764579393497        0.510643659371188     
   0.508532191348979        0.506430107326868        0.504337373304856     
   0.502253921282941        0.500179751261124        0.498114761239404     
   0.496058951217780        0.494012287196252        0.491974667174819     
   0.489946091153482        0.487926491132239        0.485915867111090     
   0.483914117090035        0.481921241069073        0.479937171048203     
   0.477961873027426        0.475995313006741        0.474037422986147     
   0.472088202965644        0.470147584945232        0.468215500924909     
   0.466291984904677        0.464376934884533        0.462470316864479     
   0.460572096844512        0.458682240824634        0.456800680804843     
   0.454927416785139        0.453062414765522        0.451205572745991     
   0.449356924726546        0.447516368707186        0.445683904687911     
   0.443859498668721        0.442043082649615        0.440234622630593     
   0.438434118611655        0.436641468592799        0.434856706574026     
   0.433079730555335        0.431310540536726        0.429549102518198     
   0.427795348499751        0.426049278481385        0.424310824463099     
   0.422579986444893        0.420856696426767        0.419140920408720     
   0.417432624390751        0.415731808372861        0.414038370355049     
   0.412352344337314        0.410673662319657        0.409002256302077     
   0.407338160284573        0.405681272267145        0.404031626249793     
   0.402389120232517        0.400753788215315        0.399125528198189     
   0.397504340181136        0.395890224164158        0.394283078147253     
   0.392682936130422        0.391089696113664        0.389503392096978     
   0.387923922080365        0.386351320063824        0.384785552047354     
   0.383226516030955        0.381674246014628        0.380128707998371     
   0.378589799982184        0.377057589966068        0.375531975950021     
   0.374012957934043        0.372500501918134        0.370994573902294     
   0.369495105886522        0.368002131870818        0.366515583855182     
   0.365035461839613        0.363561697824112        0.362094291808677     
   0.360633175793308        0.359178383778006        0.357729813762769     
   0.356287499747598        0.354851373732492        0.353421401717451     
   0.351997583702475        0.350579885687563        0.349168273672715     
   0.347762713657930        0.346363171643209        0.344969613628551     
   0.343582039613956        0.342200449599424        0.340824741584954     
   0.339454912170545        0.338090954556198        0.336732834741913     
   0.335380525527689        0.334033992913525        0.332693216499423     
   0.331358165685380        0.330028816671397        0.328705142257474     
   0.327387115243610        0.326074711829806        0.324767904816060     
   0.323466670402373        0.322170977988745        0.320880807175174     
   0.319596130761661        0.318316921548206        0.317043155734808     
   0.315774809521467        0.314511855708182        0.313254270494955     
   0.312002030081783        0.310755110668667        0.309513485055607     
   0.308277132842603        0.307046026829653        0.305820143216759     
   0.304599458203919        0.303383947991134        0.302173588778403     
   0.300968356765726        0.299768231553102        0.298573185940532     
   0.297383199528015        0.296198248515551        0.295018309103140     
   0.293843357490782        0.292673373278475        0.291508332666221     
   0.290348211854018        0.289192990441867        0.288042648029767     
   0.286897157417718        0.285756498205720        0.284620649993773     
   0.283489592381876        0.282363298170029        0.281241750358232     
   0.280124925146485        0.279012805534787        0.277905364323138     
   0.276802581111539        0.275704438899988        0.274610910488486     
   0.273521982277032        0.272437630465626        0.271357831254268     
   0.270282567642958        0.269211819231696        0.268145562220480     
   0.267083779609312        0.266026447598190        0.264973552587115     
   0.263925070776087        0.262880978365105        0.261841261754169     
   0.260805900543278        0.259774870932433        0.258748155921634     
   0.257725738510880        0.256707594900170        0.255693708089506     
   0.254684061078886        0.253678630068310        0.252677401457779     
   0.251680351447291        0.250687463036848        0.249698719226448     
   0.248714103016091        0.247733590605777        0.246757164995507     
   0.245784809185279        0.244816506175094        0.243852238964952     
   0.242891983754851        0.241935726944793        0.240983451534776     
   0.240035133724802        0.239090763314868        0.238150319904976     
   0.237213783095125        0.236281139285315        0.235352371475546     
   0.234427459265817        0.233506385656129        0.232589137046481     
   0.231675693036873        0.230766040027305        0.229860157617776     
   0.228958028808287        0.228059639998838        0.227164974189427     
   0.226274010980056        0.225386740170723        0.224503141361429     
   0.223623197552173        0.222746895142956        0.221874217133777     
   0.221005146524635        0.220139669715532        0.219277766306466     
   0.218419426097437        0.217564628688446        0.216713360479492     
   0.215865607870575        0.215021350461695        0.214180578052851     
   0.213343270244044        0.212509416835273        0.211678997426538     
   0.210852001817840        0.210028409609177        0.209208210600550     
   0.208391391191958        0.207577927583402        0.206767816374880     
   0.205961033766394        0.205157569557943        0.204357410149527     
   0.203560535141145        0.202766937732797        0.201976597524484     
   0.201189504316205        0.200405641107960        0.199624997699749     
   0.198847553691571        0.198073298883427        0.197302219675317     
   0.196534302467240        0.195769530259195        0.195007892851184     
   0.194249376643206        0.193493964635260        0.192741643227347     
   0.191992402219466        0.191246228011617        0.190503103603801     
   0.189763022196016        0.189025963388263        0.188291916980542     
   0.187560869372853        0.186832806965195        0.186107719557568     
   0.185385593549972        0.184666411942407        0.183950167934874     
   0.183236844527371        0.182526431519898        0.181818911912456     
   0.181114278905045        0.180412515497663        0.179713611490312     
   0.179017553282990        0.178324330675699        0.177633926668437     
   0.176946334461204        0.176261540454001        0.175579531046827     
   0.174900296039683        0.174223821832567        0.173550094825481     
   0.172879108218423        0.172210845011394        0.171545295004393     
   0.170882447997421        0.170222293790478        0.169564815383562     
   0.168910005976674        0.168257848569815        0.167608339762983     
   0.166961462556179        0.166317206749402        0.165675558742653     
   0.165036511735931        0.164400052129236        0.163766169722569     
   0.163134854315929        0.162506092309315        0.161879870102728     
   0.161256184296168        0.160635021289634        0.160016367483127     
   0.159400212676646        0.158786546670191        0.158175362663762     
   0.157566643657359        0.156960382850983        0.156356570044631     
   0.155755191638306        0.155156240832006        0.154559707425731     
   0.153965574419482        0.153373838413258        0.152784489207059     
   0.152197513200884        0.151612900194735        0.151030643388611     
   0.150450729182511        0.149873150776436        0.149297894570385     
   0.148724953764358        0.148154318158356        0.147585974152378     
   0.147019918346424        0.146456137140494        0.145894620334588     
   0.145335357728705        0.144778342522846        0.144223564517011     
   0.143671013511199        0.143120679305410        0.142572551699645     
   0.142026623893902        0.141482885688183        0.140941326882487     
   0.140401940676813        0.139864716871162        0.139329641865534     
   0.138796712259929        0.138265914454345        0.137737245048785     
   0.137210690443246        0.136686240437730        0.136163891632235     
   0.135643633826763        0.135125453421313        0.134609343615884     
   0.134095297610477        0.133583308605092        0.133073362999728     
   0.132565450594385        0.132059571389064        0.131555708383764     
   0.131053858178486        0.130554010573228        0.130056158767991     
   0.129560289162776        0.129066401757581        0.128574479552406     
   0.128084519147253        0.127596510342120        0.127110446337007     
   0.126626316931915        0.126144115326843        0.125663834721791     
   0.125185464916759        0.124708999111747        0.124234430506756     
   0.123761748901784        0.123290944096832        0.122822016091899     
   0.122354947886986        0.121889736082093        0.121426373877219     
   0.120964851072365        0.120505164267530        0.120047299862714     
   0.119591251057917        0.119137014453139        0.118684579848380     
   0.118233940443640        0.117785086038919        0.117338013234216     
   0.116892711829532        0.116449178424867        0.116007399420220     
   0.115567371415592        0.115129084210981        0.114692534406390     
   0.114257711801816        0.113824609597260        0.113393224392723     
   0.112963542588203        0.112535560783702        0.112109272179218     
   0.111684669974751        0.111261743970303        0.110840490765872     
   0.110420900161459        0.110002968757063        0.109586689752684     
   0.109172049548323        0.108759048143978        0.108347678739651     
   0.107937931135342        0.107529798531049        0.107123277526773     
   0.106718361322514        0.106315036318271        0.105913305914046     
   0.105513156509837        0.105114584705644        0.104717580301468     
   0.104322143297309        0.103928260093166        0.103535927289039     
   0.103145141484929        0.102755892480834        0.102368173476756     
   0.101981977672694        0.101597305068648        0.101214142064618     
   0.100832485260603        0.100452327856604        0.100073666452622     
   0.996964908486542D-001   0.993207976447025D-001   0.989465800407663D-001
   0.985738278368455D-001   0.982025444329402D-001   0.978327128290501D-001
   0.974643364251754D-001   0.970974016213158D-001   0.967319084174714D-001
   0.963678466136420D-001   0.960052128098276D-001   0.956439968060282D-001
   0.952842020022437D-001   0.949258113984740D-001   0.945688283947191D-001
   0.942132427909789D-001   0.938590477872533D-001   0.935062399835423D-001
   0.931548125798458D-001   0.928047621761638D-001   0.924560819724962D-001
   0.921087617688429D-001   0.917628015652040D-001   0.914181945615792D-001
   0.910749339579687D-001   0.907330163543722D-001   0.903924315507898D-001
   0.900531795472214D-001   0.897152535436669D-001   0.893786433401263D-001
   0.890433523365995D-001   0.887093669330865D-001   0.883766837295872D-001
   0.880453027261016D-001   0.877152103226295D-001   0.873864065191710D-001
   0.870588879157260D-001   0.867326443122944D-001   0.864076723088762D-001
   0.860839651054713D-001   0.857615227020797D-001   0.854403314987013D-001
   0.851203948953360D-001   0.848017060919839D-001   0.844842548886448D-001
   0.841680378853187D-001   0.838530550820056D-001   0.835392962787053D-001
   0.832267580754179D-001   0.829154370721433D-001   0.826053264688814D-001
   0.822964194656321D-001   0.819887160623956D-001   0.816822060591715D-001
   0.813768894559601D-001   0.810727560527611D-001   0.807698058495745D-001
   0.804680320464003D-001   0.801674312432385D-001   0.798679932400888D-001
   0.795697214369515D-001   0.792726056338263D-001   0.789766424307132D-001
   0.786818284276122D-001   0.783881568245232D-001   0.780956242214462D-001
   0.778042272183812D-001   0.775139590153280D-001   0.772248162122866D-001
   0.769367920092571D-001   0.766498830062392D-001   0.763640858032331D-001
   0.760793970002386D-001   0.757958097972557D-001   0.755133207942843D-001
   0.752319231913245D-001   0.749516169883761D-001   0.746723919854391D-001
   0.743942515825134D-001   0.741171821795991D-001   0.738411871766961D-001
   0.735662597738042D-001   0.732923931709236D-001   0.730195839680541D-001
   0.727478321651956D-001   0.724771275623483D-001   0.722074701595119D-001
   0.719388531566864D-001   0.716712731538719D-001   0.714047267510682D-001
   0.711392071482754D-001   0.708747143454933D-001   0.706112415427220D-001
   0.703487853399613D-001   0.700873389372113D-001   0.698269023344719D-001
   0.695674721317431D-001   0.693090381290248D-001   0.690516037263170D-001
   0.687951587236196D-001   0.685397031209326D-001   0.682852301182559D-001
   0.680317363155895D-001   0.677792217129335D-001   0.675276761102876D-001
   0.672770995076519D-001   0.670274885050264D-001   0.667788363024110D-001
   0.665311428998056D-001   0.662844014972103D-001   0.660386086946249D-001
   0.657937576920494D-001   0.655498518894839D-001   0.653068844869283D-001
   0.650648486843824D-001   0.648237410818464D-001   0.645835616793200D-001
   0.643443036768034D-001   0.641059670742965D-001   0.638685450717992D-001
   0.636320308693114D-001   0.633964278668332D-001   0.631617292643645D-001
   0.629279282619053D-001   0.626950282594556D-001   0.624630190570152D-001
   0.622318972545841D-001   0.620016662521625D-001   0.617723124497500D-001
   0.615438426473469D-001   0.613162466449529D-001   0.610895210425681D-001
   0.608636658401924D-001   0.606386742378259D-001   0.604145462354684D-001
   0.601912750331199D-001   0.599688606307805D-001   0.597472962284499D-001
   0.595265784261283D-001   0.593067038238156D-001   0.590876724215117D-001
   0.588694808192167D-001   0.586521222169304D-001   0.584355932146528D-001
   0.582198904123840D-001   0.580050172101238D-001   0.577909600078723D-001
   0.575777256056294D-001   0.573653004033950D-001   0.571536912011692D-001
   0.569428877989519D-001   0.567328901967430D-001   0.565236949945426D-001
   0.563152953923506D-001   0.561076947901669D-001   0.559008829879916D-001
   0.556948633858246D-001   0.554896291836658D-001   0.552851735815153D-001
   0.550815033793730D-001   0.548786049772388D-001   0.546764817751128D-001
   0.544751303729948D-001   0.542745439708850D-001   0.540747225687832D-001
   0.538756627666894D-001   0.536773611646035D-001   0.534798143625256D-001
   0.532830189604557D-001   0.530869749583936D-001   0.528916755563393D-001
   0.526971207542929D-001   0.525033037522542D-001   0.523102245502234D-001
   0.521178831482002D-001   0.519262693461847D-001   0.517353865441769D-001
   0.515452279421768D-001   0.513557935401842D-001   0.511670765381992D-001
   0.509790803362217D-001   0.507917947342518D-001   0.506052231322894D-001
   0.504193587303343D-001   0.502342015283868D-001   0.500497481264466D-001
   0.498659917245138D-001   0.496829357225883D-001   0.495005733206701D-001
   0.493189011187592D-001   0.491379225168556D-001   0.489576273149592D-001
   0.487780155130699D-001   0.485990871111879D-001   0.484208353093129D-001
   0.482432601074451D-001   0.480663547055843D-001   0.478901225037306D-001
   0.477145601018840D-001   0.475396607000443D-001   0.473654242982116D-001
   0.471918474963859D-001   0.470189268945670D-001   0.468466624927551D-001
   0.466750474909499D-001   0.465040852891517D-001   0.463337690873602D-001
   0.461640954855755D-001   0.459950678837976D-001   0.458266760820264D-001
   0.456589200802618D-001   0.454918032785040D-001   0.453253154767528D-001
   0.451594566750082D-001   0.449942234732702D-001   0.448296158715388D-001
   0.446656304698139D-001   0.445022672680956D-001   0.443395160663837D-001
   0.441773836646783D-001   0.440158632629794D-001   0.438549514612868D-001
   0.436946448596007D-001   0.435349468579209D-001   0.433758506562474D-001
   0.432173528545803D-001   0.430594534529194D-001   0.429021524512649D-001
   0.427454396496165D-001   0.425893218479744D-001   0.424337922463384D-001
   0.422788474447086D-001   0.421244874430850D-001   0.419707088414675D-001
   0.418175116398561D-001   0.416648890382507D-001   0.415128410366514D-001
   0.413613676350582D-001   0.412104654334709D-001   0.410601276318896D-001
   0.409103610303143D-001   0.407611554287449D-001   0.406125108271813D-001
   0.404644238256237D-001   0.403168978240719D-001   0.401699226225260D-001
   0.400235050209859D-001   0.398776348194516D-001   0.397323120179230D-001
   0.395875400164002D-001   0.394433086148831D-001   0.392996178133717D-001
   0.391564710118660D-001   0.390138614103660D-001   0.388717856088716D-001
   0.387302436073828D-001   0.385892354058996D-001   0.384487542044219D-001
   0.383088034029499D-001   0.381693728014833D-001   0.380304692000222D-001
   0.378920891985667D-001   0.377542225971165D-001   0.376168795956719D-001
   0.374800465942326D-001   0.373437303927988D-001   0.372079207913703D-001
   0.370726245899472D-001   0.369378349885294D-001   0.368035485871169D-001
   0.366697687857097D-001   0.365364887843078D-001   0.364037085829112D-001
   0.362714247815198D-001   0.361396373801336D-001   0.360083429787526D-001
   0.358775381773767D-001   0.357472263760060D-001   0.356174007746404D-001
   0.354880613732800D-001   0.353592047719246D-001   0.352308343705744D-001
   0.351029399692291D-001   0.349755249678889D-001   0.348485893665537D-001
   0.347221263652235D-001   0.345961359638983D-001   0.344706181625780D-001
   0.343455661612627D-001   0.342209833599523D-001   0.340968663586467D-001
   0.339732148173461D-001   0.338500236360503D-001   0.337272928147594D-001
   0.336050206534733D-001   0.334832047721920D-001   0.333618441509154D-001
   0.332409364096437D-001   0.331204798483767D-001   0.330004731071144D-001
   0.328809141458568D-001   0.327618012646039D-001   0.326431331033557D-001
   0.325249072821122D-001   0.324071224408732D-001   0.322897772196389D-001
   0.321728692384093D-001   0.320563971371841D-001   0.319403592159636D-001
   0.318247541147476D-001   0.317095794535362D-001   0.315948342123292D-001
   0.314805163511268D-001   0.313666245099288D-001   0.312531566487353D-001
   0.311401117475462D-001   0.310274874263616D-001   0.309152826651814D-001
   0.308034954240055D-001   0.306921246828341D-001   0.305811680616670D-001
   0.304706245405042D-001   0.303604920793458D-001   0.302507693181917D-001
   0.301414548970419D-001   0.300325471158963D-001   0.299240439347551D-001
   0.298159446736180D-001   0.297082469524852D-001   0.296009497513566D-001
   0.294940513702322D-001   0.293875501091120D-001   0.292814446079959D-001
   0.291757331668840D-001   0.290704147657762D-001   0.289654870246725D-001
   0.288609492635729D-001   0.287567997824774D-001   0.286530368813860D-001
   0.285496592002986D-001   0.284466650392153D-001   0.283440533781360D-001
   0.282418225170607D-001   0.281399707559893D-001   0.280384967349220D-001
   0.279373994338586D-001   0.278366768127992D-001   0.277363278517436D-001
   0.276363508506920D-001   0.275367447896443D-001   0.274375076286005D-001
   0.273386383475606D-001   0.272401355865245D-001   0.271419976454922D-001
   0.270442235044638D-001   0.269468114634391D-001   0.268497601624183D-001
   0.267530682414013D-001   0.266567343403880D-001   0.265607574393784D-001
   0.264651354983726D-001   0.263698678373706D-001   0.262749524163722D-001
   0.261803885553775D-001   0.260861742143866D-001   0.259923087133992D-001
   0.258987903524156D-001   0.258056177714355D-001   0.257127899504591D-001
   0.256203051894863D-001   0.255281628085171D-001   0.254363604275515D-001
   0.253448977065895D-001   0.252537732856310D-001   0.251629851246760D-001
   0.250725325437246D-001   0.249824141827767D-001   0.248926286818323D-001
   0.248031750208914D-001   0.247140514999539D-001   0.246252570990199D-001
   0.245367904580894D-001   0.244486505571623D-001   0.243608360362386D-001
   0.242733455353184D-001   0.241861776944015D-001   0.240993318334880D-001
   0.240128059125779D-001   0.239265995916711D-001   0.238407111707677D-001
   0.237551392898676D-001   0.236698829289709D-001   0.235849410680774D-001
   0.235003123471873D-001   0.234159957463004D-001   0.233319895654168D-001
   0.232482931245364D-001   0.231649050636593D-001   0.230818240227854D-001
   0.229990493219147D-001   0.229165792610473D-001   0.228344131601830D-001
   0.227525496593219D-001   0.226709873984640D-001   0.225897253576093D-001
   0.225087625167577D-001   0.224280978559092D-001   0.223477296750638D-001
   0.222676576342216D-001   0.221878800333825D-001   0.221083958525464D-001
   0.220292040717134D-001   0.219503033308835D-001   0.218716929500567D-001
   0.217933719092329D-001   0.217153385084121D-001   0.216375920675943D-001
   0.215601312267795D-001   0.214829549659677D-001   0.214060626051590D-001
   0.213294527843531D-001   0.212531241435503D-001   0.211770763427504D-001
   0.211013073419534D-001   0.210258168011593D-001   0.209506037003682D-001
   0.208756666795800D-001   0.208010043787947D-001   0.207266164580122D-001
   0.206525015572326D-001   0.205786586564559D-001   0.205050867356821D-001
   0.204317847749110D-001   0.203587517541429D-001   0.202859863133775D-001
   0.202134881126149D-001   0.201412557918551D-001   0.200692879910981D-001
   0.199975843703439D-001   0.199261435695925D-001   0.198549645688438D-001
   0.197840463480978D-001   0.197133882273546D-001   0.196429888466141D-001
   0.195728475258763D-001   0.195029629051413D-001   0.194333346444089D-001
   0.193639610436792D-001   0.192948417629521D-001   0.192259754422278D-001
   0.191573614015061D-001   0.190889986207870D-001   0.190208857400706D-001
   0.189530224193567D-001   0.188854072986455D-001   0.188180396979369D-001
   0.187509182572309D-001   0.186840426365275D-001   0.186174118158266D-001
   0.185510244351283D-001   0.184848798144326D-001   0.184189772737394D-001
   0.183533154530487D-001   0.182878936723606D-001   0.182227112516750D-001
   0.181577668309919D-001   0.180930597303112D-001   0.180285892696331D-001
   0.179643544289575D-001   0.179003538482843D-001   0.178365875276136D-001
   0.177730537669453D-001   0.177097522262794D-001   0.176466818856160D-001
   0.175838413849550D-001   0.175212307242965D-001   0.174588485436403D-001
   0.173966941629865D-001   0.173347662223352D-001   0.172730647216862D-001
   0.172115879610395D-001   0.171503356003952D-001   0.170893066197533D-001
   0.170285003391137D-001   0.169679160784765D-001   0.169075524778415D-001
   0.168474088572089D-001   0.167874845365786D-001   0.167277788359506D-001
   0.166682907353249D-001   0.166090192147014D-001   0.165499639340802D-001
   0.164911238734613D-001   0.164324980128447D-001   0.163740860122303D-001
   0.163158865116181D-001   0.162578988310082D-001   0.162001226304005D-001
   0.161425565497949D-001   0.160852002491916D-001   0.160280527085905D-001
   0.159711132479916D-001   0.159143811873949D-001   0.158578551668003D-001
   0.158015351862079D-001   0.157454198856177D-001   0.156895089250296D-001
   0.156338012844436D-001   0.155782962838598D-001   0.155229932432781D-001
   0.154678911426985D-001   0.154129896421210D-001   0.153582873815456D-001
   0.153037843609723D-001   0.152494792204011D-001   0.151953716198320D-001
   0.151414605392649D-001   0.150877452986999D-001   0.150342252181370D-001
   0.149808996175761D-001   0.149277678170172D-001   0.148748287964604D-001
   0.148220822159056D-001   0.147695273953528D-001   0.147171629748020D-001
   0.146649889542532D-001   0.146130043137064D-001   0.145612080331616D-001
   0.145096001126187D-001   0.144581795320779D-001   0.144069452715390D-001
   0.143558969910020D-001   0.143050340104670D-001   0.142543553099340D-001
   0.142038605494028D-001   0.141535490488736D-001   0.141034197883464D-001
   0.140534724278210D-001   0.140037062872975D-001   0.139541203467759D-001
   0.139047142662563D-001   0.138554870257385D-001   0.138064382852226D-001
   0.137575673647085D-001   0.137088735841963D-001   0.136603562636860D-001
   0.136120143831775D-001   0.135638479426709D-001   0.135158555821661D-001
   0.134680373016631D-001   0.134203920811619D-001   0.133729195806626D-001
   0.133256187801651D-001   0.132784889996693D-001   0.132315302391754D-001
   0.131847411386833D-001   0.131381213581929D-001   0.130916702177043D-001
   0.130453873772175D-001   0.129992718167324D-001   0.129533228562491D-001
   0.129075404957675D-001   0.128619233752877D-001   0.128164714948096D-001
   0.127711838343333D-001   0.127260597138586D-001   0.126810987933857D-001
   0.126363007329145D-001   0.125916641724450D-001   0.125471891119772D-001
   0.125028748715111D-001   0.124587204310466D-001   0.124147257905839D-001
   0.123708899301228D-001   0.123272125096634D-001   0.122836928492056D-001
   0.122403302687495D-001   0.121971240882950D-001   0.121540743078422D-001
   0.121111795673910D-001   0.120684398669415D-001   0.120258545264935D-001
   0.119834228660472D-001   0.119411442056025D-001   0.118990182051594D-001
   0.118570441847179D-001   0.118152214642780D-001   0.117735497038397D-001
   0.117320282234029D-001   0.116906563429678D-001   0.116494340625342D-001
   0.116083600221021D-001   0.115674342216717D-001   0.115266559812427D-001
   0.114860246208154D-001   0.114455401403895D-001   0.114052011799652D-001
   0.113650077395425D-001   0.113249587991212D-001   0.112850546987015D-001
   0.112452940782833D-001   0.112056765978665D-001   0.111662019174513D-001
   0.111268693570376D-001   0.110876785766254D-001   0.110486285562146D-001
   0.110097196358054D-001   0.109709504553976D-001   0.109323210149913D-001
   0.108938302945864D-001   0.108554786341830D-001   0.108172646737810D-001
   0.107791880733805D-001   0.107412488329815D-001   0.107034459325838D-001
   0.106657786921876D-001   0.106282474517929D-001   0.105908508513995D-001
   0.105535888910076D-001   0.105164608906170D-001   0.104794665102279D-001
   0.104426050698402D-001   0.104058758894539D-001   0.103692789690689D-001
   0.103328136286854D-001   0.102964791883032D-001   0.102602756479224D-001
   0.102242016475429D-001   0.101882578671649D-001   0.101524426067881D-001
   0.101167565464128D-001   0.100811983260387D-001   0.100457679456661D-001
   0.100104647252947D-001   0.997528798492473D-002   0.994023806455606D-002
   0.990531360418871D-002   0.987051460382268D-002   0.983584072345796D-002
   0.980129094309455D-002   0.976686560273245D-002   0.973256334237164D-002
   0.969838450201213D-002   0.966432806165391D-002   0.963039368129697D-002
   0.959658136094132D-002   0.956289008058694D-002   0.952931984023383D-002
   0.949586961988199D-002   0.946253975953141D-002   0.942932889918208D-002
   0.939623737883401D-002   0.936326451848719D-002   0.933040997814161D-002
   0.929767307779726D-002   0.926505347745416D-002   0.923255049711227D-002
   0.920016413677162D-002   0.916789405643219D-002   0.913573923609397D-002
   0.910369967575696D-002   0.907177503542116D-002   0.903996463508657D-002
   0.900826813475317D-002   0.897668519442096D-002   0.894521513408995D-002
   0.891385795376012D-002   0.888261297343147D-002   0.885147951310399D-002
   0.882045791277769D-002   0.878954715245256D-002   0.875874689212859D-002
   0.872805713180578D-002   0.869747685148412D-002   0.866700605116361D-002
   0.863664439084426D-002   0.860639119052604D-002   0.857624611020896D-002
   0.854620880989301D-002   0.851627928957820D-002   0.848645652926451D-002
   0.845674018895194D-002   0.842713026864049D-002   0.839762608833015D-002
   0.836822764802092D-002   0.833893392771280D-002   0.830974492740577D-002
   0.828066030709985D-002   0.825167972679502D-002   0.822280250649127D-002
   0.819402864618862D-002   0.816535712588704D-002   0.813678828558654D-002
   0.810832144528711D-002   0.807995626498875D-002   0.805169240469146D-002
   0.802352952439523D-002   0.799546694410005D-002   0.796750466380593D-002
   0.793964234351286D-002   0.791187930322084D-002   0.788421520292986D-002
   0.785665004263991D-002   0.782918314235100D-002   0.780181416206312D-002
   0.777454276177627D-002   0.774736894149044D-002   0.772029168120563D-002
   0.769331132092184D-002   0.766642684063905D-002   0.763963824035728D-002
   0.761294552007651D-002   0.758634765979674D-002   0.755984465951797D-002
   0.753343617924020D-002   0.750712187896341D-002   0.748090107868761D-002
   0.745477411841279D-002   0.742873997813895D-002   0.740279865786609D-002
   0.737694981759420D-002   0.735119311732328D-002   0.732552787705332D-002
   0.729995409678432D-002   0.727447177651629D-002   0.724907989624920D-002
   0.722377845598307D-002   0.719856711571789D-002   0.717344553545365D-002
   0.714841337519035D-002   0.712347029492798D-002   0.709861595466656D-002
   0.707385001440606D-002   0.704917247414649D-002   0.702458231388783D-002
   0.700007987363011D-002   0.697566481337330D-002   0.695133645311740D-002
   0.692709445286241D-002   0.690293881260833D-002   0.687886919235516D-002
   0.685488491210288D-002   0.683098631185150D-002   0.680717237160101D-002
   0.678344309135142D-002   0.675979813110271D-002   0.673623749085489D-002
   0.671276015060794D-002   0.668936679036188D-002   0.666605605011669D-002
   0.664282860987237D-002   0.661968344962892D-002   0.659662022938633D-002
   0.657363928914461D-002   0.655073994890374D-002   0.652792186866373D-002
   0.650518504842457D-002   0.648252880818626D-002   0.645995280794880D-002
   0.643745738771218D-002   0.641504152747640D-002   0.639270522724146D-002
   0.637044848700735D-002   0.634827062677407D-002   0.632617130654162D-002
   0.630415052631000D-002   0.628220794607919D-002   0.626034322584921D-002
   0.623855602562004D-002   0.621684600539169D-002   0.619521316516414D-002
   0.617365682493740D-002   0.615217732471147D-002   0.613077364448634D-002
   0.610944612426201D-002   0.608819408403847D-002   0.606701752381572D-002
   0.604591576359376D-002   0.602488914337260D-002   0.600393664315221D-002
   0.598305894293261D-002   0.596225468271378D-002   0.594152454249573D-002
   0.592086784227845D-002   0.590028424206194D-002   0.587977340184620D-002
   0.585933532163122D-002   0.583896966141701D-002   0.581867642120355D-002
   0.579845458099085D-002   0.577830482077891D-002   0.575822612056771D-002
   0.573821848035726D-002   0.571828190014756D-002   0.569841569993860D-002
   0.567861987973037D-002   0.565889409952289D-002   0.563923835931614D-002
   0.561965197911012D-002   0.560013495890483D-002   0.558068695870027D-002
   0.556130763849643D-002   0.554199699829331D-002   0.552275469809091D-002
   0.550358073788923D-002   0.548447409768826D-002   0.546543545748800D-002
   0.544646379728845D-002   0.542755945708960D-002   0.540872209689146D-002
   0.538995103669402D-002   0.537124661649728D-002   0.535260815630123D-002
   0.533403531610587D-002   0.531552843591121D-002   0.529708717571723D-002
   0.527871051552394D-002   0.526039913533133D-002   0.524215269513941D-002
   0.522397051494816D-002   0.520585225475758D-002   0.518779825456768D-002
   0.516980817437845D-002   0.515188133418989D-002   0.513401807400200D-002
   0.511621771381477D-002   0.509848025362819D-002   0.508080569344229D-002
   0.506319335325703D-002   0.504564289307243D-002   0.502815465288848D-002
   0.501072829270518D-002   0.499336313252252D-002   0.497605951234052D-002
   0.495881675215915D-002   0.494163485197842D-002   0.492451381179833D-002
   0.490745295161888D-002   0.489045227144006D-002   0.487351177126187D-002
   0.485663077108431D-002   0.483980961090738D-002   0.482304761073107D-002
   0.480634477055538D-002   0.478970075038031D-002   0.477311521020585D-002
   0.475658849003202D-002   0.474011990985879D-002   0.472370946968618D-002
   0.470735682951418D-002   0.469106164934278D-002   0.467482392917198D-002
   0.465864366900179D-002   0.464252018883219D-002   0.462645382866320D-002
   0.461044390849480D-002   0.459449008832699D-002   0.457859270815977D-002
   0.456275142799315D-002   0.454696590782711D-002   0.453123580766165D-002
   0.451556146749678D-002   0.449994186733249D-002   0.448437768716878D-002
   0.446886790700564D-002   0.445341286684308D-002   0.443801256668109D-002
   0.442266598651966D-002   0.440737380635881D-002   0.439213534619853D-002
   0.437695026603881D-002   0.436181890587965D-002   0.434674058572105D-002
   0.433171530556300D-002   0.431674306540552D-002   0.430182352524859D-002
   0.428695634509221D-002   0.427214152493638D-002   0.425737872478110D-002
   0.424266794462636D-002   0.422800884447217D-002   0.421340108431852D-002
   0.419884500416541D-002   0.418433992401284D-002   0.416988584386080D-002
   0.415548242370930D-002   0.414113000355834D-002   0.412682790340790D-002
   0.411257578325799D-002   0.409837398310861D-002   0.408422216295975D-002
   0.407011998281142D-002   0.405606744266361D-002   0.404206420251632D-002
   0.402810992236954D-002   0.401420494222328D-002   0.400034858207753D-002
   0.398654118193230D-002   0.397278206178758D-002   0.395907122164336D-002
   0.394540866149965D-002   0.393179404135644D-002   0.391822702121374D-002
   0.390470794107154D-002   0.389123612092984D-002   0.387781156078863D-002
   0.386443426064792D-002   0.385110388050771D-002   0.383782042036799D-002
   0.382458320022875D-002   0.381139256009001D-002   0.379824849995175D-002
   0.378514999981397D-002   0.377209807967669D-002   0.375909137953988D-002
   0.374613057940355D-002   0.373321533926770D-002   0.372034497913232D-002
   0.370752017899743D-002   0.369474025886300D-002   0.368200487872905D-002
   0.366931437859556D-002   0.365666841846254D-002   0.364406665832999D-002
   0.363150909819791D-002   0.361899573806629D-002   0.360652589793512D-002
   0.359409991780442D-002   0.358171745767418D-002   0.356937851754439D-002
   0.355708275741506D-002   0.354482983728617D-002   0.353262009715775D-002
   0.352045285702977D-002   0.350832845690224D-002   0.349624655677515D-002
   0.348420681664851D-002   0.347220957652232D-002   0.346025381639656D-002
   0.344834021627125D-002   0.343646843614638D-002   0.342463813602194D-002
   0.341284897589794D-002   0.340110129577437D-002   0.338939485765124D-002
   0.337772925352853D-002   0.336610448340626D-002   0.335452041128441D-002
   0.334297686716299D-002   0.333147371504199D-002   0.332001078492142D-002
   0.330858797480127D-002   0.329720511468154D-002   0.328586206856223D-002
   0.327455870044334D-002   0.326329487432486D-002   0.325207042020679D-002
   0.324088523608914D-002   0.322973915197190D-002   0.321863203185507D-002
   0.320756377373865D-002   0.319653417362264D-002   0.318554316350703D-002
   0.317459053939182D-002   0.316367619927702D-002   0.315280004116262D-002
   0.314196186104862D-002   0.313116155693502D-002   0.312039899282181D-002
   0.310967403270900D-002   0.309898654059659D-002   0.308833638048456D-002
   0.307772341637293D-002   0.306714754626169D-002   0.305660860015084D-002
   0.304610647604037D-002   0.303564103793029D-002   0.302521211582059D-002
   0.301481960771128D-002   0.300446341160235D-002   0.299414335749380D-002
   0.298385934338562D-002   0.297361119927783D-002   0.296339885717041D-002
   0.295322214706337D-002   0.294308096695670D-002   0.293297514685040D-002
   0.292290461874447D-002   0.291286924663892D-002   0.290286886053373D-002
   0.289290335842891D-002   0.288297263832445D-002   0.287307656422036D-002
   0.286321500011663D-002   0.285338784401326D-002   0.284359495991026D-002
   0.283383621180761D-002   0.282411153170532D-002   0.281442071560339D-002
   0.280476372950181D-002   0.279514040340059D-002   0.278555060129972D-002
   0.277599425519920D-002   0.276647122909904D-002   0.275698135299922D-002
   0.274752459289975D-002   0.273810077880062D-002   0.272870980870184D-002
   0.271935154660341D-002   0.271002592450532D-002   0.270073277240757D-002
   0.269147198831016D-002   0.268224350421309D-002   0.267304711611636D-002
   0.266388279001996D-002   0.265475038992390D-002   0.264564977982818D-002
   0.263658089173279D-002   0.262754355563773D-002   0.261853770354300D-002
   0.260956319944860D-002   0.260061994135453D-002   0.259170782726079D-002
   0.258282672116738D-002   0.257397655507429D-002   0.256515715898152D-002
   0.255636849888908D-002   0.254761040479696D-002   0.253888277470515D-002
   0.253018554061367D-002   0.252151856652251D-002   0.251288175043166D-002
   0.250427495634113D-002   0.249569811625092D-002   0.248715112816102D-002
   0.247863385607143D-002   0.247014619798215D-002   0.246168808589318D-002
   0.245325938380453D-002   0.244485998971618D-002   0.243648980162814D-002
   0.242814871754040D-002   0.241983660145297D-002   0.241155341936584D-002
   0.240329903527902D-002   0.239507334719250D-002   0.238687621910628D-002
   0.237870761702036D-002   0.237056737093473D-002   0.236245544684941D-002
   0.235437170876438D-002   0.234631605467965D-002   0.233828838259521D-002
   0.233028859051106D-002   0.232231661042721D-002   0.231437230634365D-002
   0.230645561026038D-002   0.229856642017739D-002   0.229070463409470D-002
   0.228287015001229D-002   0.227506286593017D-002   0.226728267984834D-002
   0.225952952376679D-002   0.225180329568552D-002   0.224410385960453D-002
   0.223643118152383D-002   0.222878515944340D-002   0.222116565736326D-002
   0.221357257328339D-002   0.220600587320380D-002   0.219846542112449D-002
   0.219095114904545D-002   0.218346295496668D-002   0.217600073688819D-002
   0.216856442680997D-002   0.216115388873202D-002   0.215376908865435D-002
   0.214640989057694D-002   0.213907622649980D-002   0.213176799442293D-002
   0.212448509234633D-002   0.211722745226999D-002   0.210999500619391D-002
   0.210278761811810D-002   0.209560525404255D-002   0.208844777796727D-002
   0.208131508789224D-002   0.207420714981748D-002   0.206712386174297D-002
   0.206006512166873D-002   0.205303082759474D-002   0.204602094552100D-002
   0.203903533944753D-002   0.203207394137430D-002   0.202513668330133D-002
   0.201822346322862D-002   0.201133417915615D-002   0.200446876308394D-002
   0.199762714701197D-002   0.199080922894026D-002   0.198401490686879D-002
   0.197724414679758D-002   0.197049681272661D-002   0.196377287065588D-002
   0.195707221858540D-002   0.195039475451516D-002   0.194374041044517D-002
   0.193710911837542D-002   0.193050077630591D-002   0.192391531623664D-002
   0.191735267016761D-002   0.191081270209882D-002   0.190429541203027D-002
   0.189780066396195D-002   0.189132838989387D-002   0.188487852182603D-002
   0.187845099175842D-002   0.187204566369105D-002   0.186566253762391D-002
   0.185930147755700D-002   0.185296241549032D-002   0.184664531742388D-002
   0.184035004735766D-002   0.183407657129167D-002   0.182782478722591D-002
   0.182159459316038D-002   0.181538598909508D-002   0.180919883903000D-002
   0.180303307496514D-002   0.179688866290051D-002   0.179076546683611D-002
   0.178466345277192D-002   0.177858255270796D-002   0.177252263064422D-002
   0.176648368658070D-002   0.176046561851740D-002   0.175446835845432D-002
   0.174849180439145D-002   0.174253592232881D-002   0.173660061026638D-002
   0.173068580020416D-002   0.172479145814216D-002   0.171891744808038D-002
   0.171306377001880D-002   0.170723028795744D-002   0.170141696789630D-002
   0.169562370783536D-002   0.168985047377464D-002   0.168409719771412D-002
   0.167836377765381D-002   0.167265014559371D-002   0.166695626753382D-002
   0.166128204147414D-002   0.165562739941466D-002   0.164999227335539D-002
   0.164437662929632D-002   0.163878036523746D-002   0.163320341317880D-002
   0.162764570512034D-002   0.162210717306208D-002   0.161658778300402D-002
   0.161108743294617D-002   0.160560605488851D-002   0.160014361483106D-002
   0.159470001077380D-002   0.158927517471674D-002   0.158386907265987D-002
   0.157848163660321D-002   0.157311276454673D-002   0.156776242249046D-002
   0.156243054243437D-002   0.155711702237848D-002   0.155182186232279D-002
   0.154654496026728D-002   0.154128624821197D-002   0.153604565815684D-002
   0.153082315610191D-002   0.152561864004717D-002   0.152043210999261D-002
   0.151526342993825D-002   0.151011256588407D-002   0.150497948383008D-002
   0.149986404777627D-002   0.149476629172265D-002   0.148968607966921D-002
   0.148462337761596D-002   0.147957815156289D-002   0.147455029951001D-002
   0.146953975345730D-002   0.146454647940478D-002   0.145957040935244D-002
   0.145461147530028D-002   0.144966964324830D-002   0.144474484519650D-002
   0.143983697914488D-002   0.143494604509343D-002   0.143007194104216D-002
   0.142521463299107D-002   0.142037405294016D-002   0.141555013288942D-002
   0.141074280483885D-002   0.140595206878846D-002   0.140117782273824D-002
   0.139641999868820D-002   0.139167852863832D-002   0.138695341258862D-002
   0.138224458253909D-002   0.137755193648973D-002   0.137287544044054D-002
   0.136821502639152D-002   0.136357069434267D-002   0.135894230829399D-002
   0.135432986824547D-002   0.134973327219712D-002   0.134515252014894D-002
   0.134058751010092D-002   0.133603820805307D-002   0.133150458000539D-002
   0.132698652395786D-002   0.132248400591050D-002   0.131799699186331D-002
   0.131352537981627D-002   0.130906916976940D-002   0.130462829372269D-002
   0.130020268367614D-002   0.129579227162975D-002   0.129139705758352D-002
   0.128701690553744D-002   0.128265184949153D-002   0.127830178744577D-002
   0.127396668540018D-002   0.126964650935473D-002   0.126534115730945D-002
   0.126105059526432D-002   0.125677478921934D-002   0.125251367117452D-002
   0.124826720712986D-002   0.124403532908534D-002   0.123981800304098D-002
   0.123561516099678D-002   0.123142673495272D-002   0.122725272490882D-002
   0.122309306286506D-002   0.121894764682146D-002   0.121481651077801D-002
   0.121069955273470D-002   0.120659673869155D-002   0.120250800064854D-002
   0.119843330460568D-002   0.119437261656297D-002   0.119032586852040D-002
   0.118629302647798D-002   0.118227402243571D-002   0.117826878839358D-002
   0.117427735835160D-002   0.117029959630976D-002   0.116633546826806D-002
   0.116238497422651D-002   0.115844804618510D-002   0.115452461614383D-002
   0.115061468410270D-002   0.114671811406172D-002   0.114283497402087D-002
   0.113896512798017D-002   0.113510854193960D-002   0.113126521589918D-002
   0.112743504785889D-002   0.112361803781874D-002   0.111981415177873D-002
   0.111602328773885D-002   0.111224541169912D-002   0.110848048965951D-002
   0.110472852162005D-002   0.110098937158072D-002   0.109726307354152D-002
   0.109354955950246D-002   0.108984876146354D-002   0.108616067942474D-002
   0.108248521138608D-002   0.107882235734756D-002   0.107517204930916D-002
   0.107153428727090D-002   0.106790896923276D-002   0.106429606119476D-002
   0.106069556315689D-002   0.105710740711915D-002   0.105353152508154D-002
   0.104996791704405D-002   0.104641651500670D-002   0.104287728496947D-002
   0.103935019293237D-002   0.103583517089540D-002   0.103233218485855D-002
   0.102884120082183D-002   0.102536218478524D-002   0.102189510274877D-002
   0.101843988671243D-002   0.101499646867621D-002   0.101156488264011D-002
   0.100814502660414D-002   0.100473690056829D-002   0.100134043653257D-002
   0.997955600496963D-003   0.994582392461482D-003   0.991220676426122D-003
   0.987870486390883D-003   0.984531788355765D-003   0.981204514320767D-003
   0.977888630285889D-003   0.974584068251130D-003   0.971290828216490D-003
   0.968008876181969D-003   0.964738144147566D-003   0.961478632113281D-003
   0.958230238079113D-003   0.954992962045062D-003   0.951766770011127D-003
   0.948551627977309D-003   0.945347501943606D-003   0.942154289910018D-003
   0.938972025876546D-003   0.935800675843188D-003   0.932640137809944D-003
   0.929490411776814D-003   0.926351463743797D-003   0.923223259710893D-003
   0.920105765678102D-003   0.916998913645422D-003   0.913902669612855D-003
   0.910817033580399D-003   0.907741937548053D-003   0.904677381515819D-003
   0.901623297483695D-003   0.898579617451680D-003   0.895546375419775D-003
   0.892523503387979D-003   0.889510933356291D-003   0.886508699324712D-003
   0.883516699293241D-003   0.880534933261877D-003   0.877563367230621D-003
   0.874601933199471D-003   0.871650631168428D-003   0.868709427137491D-003
   0.865778253106660D-003   0.862857109075934D-003   0.859945927045312D-003
   0.857044707014796D-003   0.854153414984384D-003   0.851271948954075D-003
   0.848400376923871D-003   0.845538562893769D-003   0.842686574863771D-003
   0.839844276833874D-003   0.837011736804080D-003   0.834188818774387D-003
   0.831375590744796D-003   0.828571916715306D-003   0.825777864685917D-003
   0.822993298656627D-003   0.820218286627439D-003   0.817452726598349D-003
   0.814696618569359D-003   0.811949894540468D-003   0.809212554511675D-003
   0.806484564482981D-003   0.803765890454385D-003   0.801056498425886D-003
   0.798356354397485D-003   0.795665424369180D-003   0.792983640340972D-003
   0.790311036312860D-003   0.787647544284844D-003   0.784993164256924D-003
   0.782347794229099D-003   0.779711502201369D-003   0.777084152173734D-003
   0.774465812146193D-003   0.771856346118745D-003   0.769255822091392D-003
   0.766664172064132D-003   0.764081328036964D-003   0.761507324009889D-003
   0.758942091982907D-003   0.756385597956017D-003   0.753837807929218D-003
   0.751298721902510D-003   0.748768305875894D-003   0.746246491849369D-003
   0.743733279822934D-003   0.741228635796589D-003   0.738732525770333D-003
   0.736244949744168D-003   0.733765805718091D-003   0.731295161692104D-003
   0.728832915666205D-003   0.726379067640394D-003   0.723933549614671D-003
   0.721496395589036D-003   0.719067537563488D-003   0.716646975538027D-003
   0.714234641512653D-003   0.711830535487366D-003   0.709434589462164D-003
   0.707046837437049D-003   0.704667211412019D-003   0.702295677387074D-003
   0.699932235362214D-003   0.697576851337439D-003   0.695229457312748D-003
   0.692890087288141D-003   0.690558673263618D-003   0.688235215239179D-003
   0.685919645214823D-003   0.683611963190550D-003   0.681312135166359D-003
   0.679020161142251D-003   0.676735973118225D-003   0.674459571094280D-003
   0.672190887070417D-003   0.669929955046636D-003   0.667676707022935D-003
   0.665431142999315D-003   0.663193194975776D-003   0.660962896952316D-003
   0.658740146928936D-003   0.656525012905636D-003   0.654317358882415D-003
   0.652117252859274D-003   0.649924626836211D-003   0.647739480813226D-003
   0.645561746790320D-003   0.643391424767491D-003   0.641228480744740D-003
   0.639072880722067D-003   0.636924624699470D-003   0.634783678676951D-003
   0.632650042654508D-003   0.630523614632142D-003   0.628404462609851D-003
   0.626292484587637D-003   0.624187680565497D-003   0.622090050543433D-003
   0.619999560521445D-003   0.617916176499531D-003   0.615839864477691D-003
   0.613770624455926D-003   0.611708422434235D-003   0.609653224412617D-003
   0.607604996391073D-003   0.605563738369602D-003   0.603529416348204D-003
   0.601502030326879D-003   0.599481512305626D-003   0.597467862284446D-003
   0.595461080263337D-003   0.593461098242301D-003   0.591467916221335D-003
   0.589481500200441D-003   0.587501816179618D-003   0.585528898158866D-003
   0.583562644138184D-003   0.581603088117573D-003   0.579650196097031D-003
   0.577703934076560D-003   0.575764268056157D-003   0.573831198035824D-003
   0.571904690015560D-003   0.569984743995365D-003   0.568071291975239D-003
   0.566164367955181D-003   0.564263903935191D-003   0.562369899915269D-003
   0.560482321895415D-003   0.558601135875627D-003   0.556726341855907D-003
   0.554857939836255D-003   0.552995861816669D-003   0.551140107797149D-003
   0.549290643777695D-003   0.547447469758308D-003   0.545610517738986D-003
   0.543779855719730D-003   0.541955381700540D-003   0.540137095681414D-003
   0.538324963662353D-003   0.536519019643357D-003   0.534719161624426D-003
   0.532925423605558D-003   0.531137805586755D-003   0.529356205568016D-003
   0.527580691549340D-003   0.525811161530727D-003   0.524047649512178D-003
   0.522290121493691D-003   0.520538577475268D-003   0.518792949456906D-003
   0.517053237438607D-003   0.515319441420370D-003   0.513591527402195D-003
   0.511869461384082D-003   0.510153243366030D-003   0.508442839348039D-003
   0.506738215330109D-003   0.505039405312240D-003   0.503346341294432D-003
   0.501659023276684D-003   0.499977417258996D-003   0.498301489241368D-003
   0.496631273223799D-003   0.494966735206291D-003   0.493307807188842D-003
   0.491654489171451D-003   0.490006815154120D-003   0.488364717136848D-003
   0.486728161119634D-003   0.485097147102478D-003   0.483471675085381D-003
   0.481851711068341D-003   0.480237255051359D-003   0.478628239034435D-003
   0.477024697017568D-003   0.475426561000758D-003   0.473833864984006D-003
   0.472246540967309D-003   0.470664622950670D-003   0.469088042934087D-003
   0.467516800917560D-003   0.465950896901089D-003   0.464390296884674D-003
   0.462834966868314D-003   0.461284906852010D-003   0.459740082835761D-003
   0.458200528819567D-003   0.456666142803428D-003   0.455136992787343D-003
   0.453612976771313D-003   0.452094162755337D-003   0.450580448739415D-003
   0.449071902723548D-003   0.447568422707734D-003   0.446070076691973D-003
   0.444576762676266D-003   0.443088514660612D-003   0.441605298645011D-003
   0.440127114629462D-003   0.438653928613967D-003   0.437185740598524D-003
   0.435722516583133D-003   0.434264222567794D-003   0.432810892552507D-003
   0.431362458537272D-003   0.429918920522088D-003   0.428480278506955D-003
   0.427046498491874D-003   0.425617580476844D-003   0.424193490461865D-003
   0.422774194446936D-003   0.421359726432058D-003   0.419950052417231D-003
   0.418545104402453D-003   0.417144950387725D-003   0.415749522373047D-003
   0.414358786358419D-003   0.412972776343840D-003   0.411591458329311D-003
   0.410214798314831D-003   0.408842796300399D-003   0.407475418286017D-003
   0.406112698271683D-003   0.404754534257397D-003   0.403400994243160D-003
   0.402052044228971D-003   0.400707650214830D-003   0.399367778200737D-003
   0.398032428186691D-003   0.396701600172693D-003   0.395375294158742D-003
   0.394053442144838D-003   0.392736078130981D-003   0.391423168117172D-003
   0.390114678103408D-003   0.388810608089691D-003   0.387510958076021D-003
   0.386215694062397D-003   0.384924782048818D-003   0.383638256035286D-003
   0.382356082021800D-003   0.381078226008359D-003   0.379804687994963D-003
   0.378535467981613D-003   0.377270497968307D-003   0.376009845955047D-003
   0.374753409941831D-003   0.373501257928661D-003   0.372253287915534D-003
   0.371009567902452D-003   0.369770029889414D-003   0.368534707876420D-003
   0.367303533863470D-003   0.366076507850563D-003   0.364853629837701D-003
   0.363634865824881D-003   0.362420249812105D-003   0.361209713799372D-003
   0.360003257786682D-003   0.358800915774035D-003   0.357602585761431D-003
   0.356408301748869D-003   0.355218063736349D-003   0.354031871723872D-003
   0.352849623711437D-003   0.351671421699044D-003   0.350497163686693D-003
   0.349326883674383D-003   0.348160513662115D-003   0.346998121649888D-003
   0.345839639637703D-003   0.344685067625558D-003   0.343534371613455D-003
   0.342387585601392D-003   0.341244641589370D-003   0.340105573577389D-003
   0.338970344165448D-003   0.337838943153548D-003   0.336711353541687D-003
   0.335587571929867D-003   0.334467577918086D-003   0.333349273706323D-003
   0.332236820894622D-003   0.331128080882960D-003   0.330023012871336D-003
   0.328921579459751D-003   0.327823739848203D-003   0.326729456636693D-003
   0.325638689025220D-003   0.324551399613783D-003   0.323467547602383D-003
   0.322387098991018D-003   0.321310009579689D-003   0.320236252168394D-003
   0.319165782557135D-003   0.318098563345909D-003   0.317034563934718D-003
   0.315973746923559D-003   0.314916071512434D-003   0.313861510501342D-003
   0.312810023090282D-003   0.311761578679254D-003   0.310716139868257D-003
   0.309673672657292D-003   0.308634149846358D-003   0.307597530635454D-003
   0.306563784424581D-003   0.305532880613737D-003   0.304504785202923D-003
   0.303479467592139D-003   0.302456897181383D-003   0.301437039970655D-003
   0.300419865359956D-003   0.299405346149285D-003   0.298393448338642D-003
   0.297384141328025D-003   0.296377401317436D-003   0.295373194306873D-003
   0.294371489696337D-003   0.293372263685826D-003   0.292375485675342D-003
   0.291381128464883D-003   0.290389161454449D-003   0.289399560844040D-003
   0.288412296033655D-003   0.287427343223295D-003   0.286444675212959D-003
   0.285464264802646D-003   0.284486084792357D-003   0.283510114782092D-003
   0.282536324171849D-003   0.281564689161629D-003   0.280595185951431D-003
   0.279627790741256D-003   0.278662476331102D-003   0.277699222320970D-003
   0.276738004910859D-003   0.275778800300770D-003   0.274821584690702D-003
   0.273866334280654D-003   0.272913028670627D-003   0.271961644060619D-003
   0.271012163450632D-003   0.270064556240665D-003   0.269118812230717D-003
   0.268174900820789D-003   0.267232808410879D-003   0.266292507800989D-003
   0.265353985391117D-003   0.264417217381264D-003   0.263482186771429D-003
   0.262548869761612D-003   0.261617252751812D-003   0.260687311942031D-003
   0.259759033732267D-003   0.258832397722520D-003   0.257907386912790D-003
   0.256983977503077D-003   0.256062162693381D-003   0.255141915283702D-003
   0.254223225074038D-003   0.253306071664391D-003   0.252390441454760D-003
   0.251476317445145D-003   0.250563679235546D-003   0.249652520025962D-003
   0.248742816016393D-003   0.247834557006840D-003   0.246927725997301D-003
   0.246022312787777D-003   0.245118296978269D-003   0.244215664968774D-003
   0.243314406559294D-003   0.242414508149829D-003   0.241515952740377D-003
   0.240618726730940D-003   0.239722823321517D-003   0.238828225512107D-003
   0.237934919702711D-003   0.237042899093328D-003   0.236152143283958D-003
   0.235262648874602D-003   0.234374402265259D-003   0.233487386455929D-003
   0.232601598046612D-003   0.231717023437308D-003   0.230833652428016D-003
   0.229951474818737D-003   0.229070477009470D-003   0.228190652200216D-003
   0.227311993590974D-003   0.226434487581744D-003   0.225558127372526D-003
   0.224682899363320D-003   0.223808800154125D-003   0.222935822944943D-003
   0.222063950735772D-003   0.221193183526613D-003   0.220323511117465D-003
   0.219454923308329D-003   0.218587416699204D-003   0.217720981090091D-003
   0.216855609680988D-003   0.215991299071897D-003   0.215128039062817D-003
   0.214265822853748D-003   0.213404647044690D-003   0.212544504835642D-003
   0.211685389426606D-003   0.210827294017580D-003   0.209970215208565D-003
   0.209114149599560D-003   0.208259090390566D-003   0.207405030781583D-003
   0.206551970772610D-003   0.205699900163648D-003   0.204848818954695D-003
   0.203998723745754D-003   0.203149607736822D-003   0.202301467527901D-003
   0.201454303118990D-003   0.200608107710090D-003   0.199762877901199D-003
   0.198918617092319D-003   0.198075315083449D-003   0.197232971874588D-003
   0.196391584065738D-003   0.195551151656898D-003   0.194711674648068D-003
   0.193873146239248D-003   0.193035569830438D-003   0.192198938621638D-003
   0.191363252612848D-003   0.190528515204068D-003   0.189694722995298D-003
   0.188861872586537D-003   0.188029963977787D-003   0.187199000569046D-003
   0.186368982360316D-003   0.185539902551595D-003   0.184711767942885D-003
   0.183884575134184D-003   0.183058324125493D-003   0.182233018316812D-003
   0.181408657708141D-003   0.180585242299480D-003   0.179762775490829D-003
   0.178941253882188D-003   0.178120680873556D-003   0.177301059864935D-003
   0.176482390856324D-003   0.175664677247723D-003   0.174847915639132D-003
   0.174032116230551D-003   0.173217275621980D-003   0.172403397213419D-003
   0.171590484404869D-003   0.170778540596328D-003   0.169967569187798D-003
   0.169157570179278D-003   0.168348546970769D-003   0.167540502962269D-003
   0.166733444953780D-003   0.165927372945302D-003   0.165122293736833D-003
   0.164318207328376D-003   0.163515117119928D-003   0.162713033311492D-003
   0.161911952503065D-003   0.161111884894650D-003   0.160312833886245D-003
   0.159514799477851D-003   0.158717791869468D-003   0.157921814461095D-003
   0.157126870652734D-003   0.156332967244383D-003   0.155540107636043D-003
   0.154748295227715D-003   0.153957540219397D-003   0.153167846011091D-003
   0.152379219402796D-003   0.151591663794512D-003   0.150805189386239D-003
   0.150019796177978D-003   0.149235490969729D-003   0.148452283961490D-003
   0.147670181953264D-003   0.146889188345049D-003   0.146109306536846D-003
   0.145330550128655D-003   0.144552922520475D-003   0.143776430512308D-003
   0.143001080904152D-003   0.142226880496009D-003   0.141453836087877D-003
   0.140681957879758D-003   0.139911249271652D-003   0.139141720463558D-003
   0.138373378255476D-003   0.137606229447407D-003   0.136840280839350D-003
   0.136075542631306D-003   0.135312021623275D-003   0.134549724615257D-003
   0.133788661807252D-003   0.133028839999259D-003   0.132270265991280D-003
   0.131512949983315D-003   0.130756902175362D-003   0.130002125967423D-003
   0.129248634959497D-003   0.128496435951585D-003   0.127745535743687D-003
   0.126995944535803D-003   0.126247669127932D-003   0.125500723120075D-003
   0.124755109912232D-003   0.124010846504404D-003   0.123267932896590D-003
   0.122526382688790D-003   0.121786202681004D-003   0.121047406473233D-003
   0.120310000865477D-003   0.119573996057735D-003   0.118839398850008D-003
   0.118106222842296D-003   0.117374474834600D-003   0.116644165026918D-003
   0.115915303619251D-003   0.115187897411600D-003   0.114461963403964D-003
   0.113737504996344D-003   0.113014532388740D-003   0.112293059181151D-003
   0.111573092173578D-003   0.110854644966021D-003   0.110137724358480D-003
   0.109422340550955D-003   0.108708503743447D-003   0.107996227535955D-003
   0.107285518728479D-003   0.106576390921020D-003   0.105868847513578D-003
   0.105162908906153D-003   0.104458578498744D-003   0.103755866491353D-003
   0.103054786483978D-003   0.102355348676621D-003   0.101657563269282D-003
   0.100961440461960D-003   0.100266990454655D-003   0.995742234473681D-004
   0.988831530400991D-004   0.981937860328480D-004   0.975061360256150D-004
   0.968202132184002D-004   0.961360278112036D-004   0.954535934040254D-004
   0.947729133968657D-004   0.940940047897246D-004   0.934168811826024D-004
   0.927415459754989D-004   0.920680127684143D-004   0.913962917613488D-004
   0.907263999543026D-004   0.900583407472757D-004   0.893921277402681D-004
   0.887277711332801D-004   0.880652845263117D-004   0.874046747193631D-004
   0.867459587124345D-004   0.860891399055257D-004   0.854342352986372D-004
   0.847812516917688D-004   0.841302026849207D-004   0.834810984780931D-004
   0.828339492712861D-004   0.821887686644998D-004   0.815455634577343D-004
   0.809043472509897D-004   0.802651336442661D-004   0.796279260375637D-004
   0.789927414308825D-004   0.783595900242227D-004   0.777284820175844D-004
   0.770994242109677D-004   0.764724336043727D-004   0.758475203977996D-004
   0.752246913912484D-004   0.746039601847193D-004   0.739853335782123D-004
   0.733688285717276D-004   0.727544553652653D-004   0.721422207588255D-004
   0.715321349524084D-004   0.709242115460139D-004   0.703184607396424D-004
   0.697148927332938D-004   0.691135177269682D-004   0.685143459206659D-004
   0.679173909143868D-004   0.673226561081311D-004   0.667301619018990D-004
   0.661399082956904D-004   0.655519122895056D-004   0.649661840833446D-004
   0.643827338772076D-004   0.638015684710947D-004   0.632226980650058D-004
   0.626461362589413D-004   0.620718932529011D-004   0.614999758468855D-004
   0.609303976408944D-004   0.603631654349279D-004   0.597982928289863D-004
   0.592357832230696D-004   0.586756536171779D-004   0.581179108113113D-004
   0.575625616054699D-004   0.570096229996538D-004   0.564590949938631D-004
   0.559109945880979D-004   0.553653285823584D-004   0.548221071766445D-004
   0.542813405709565D-004   0.537430355652943D-004   0.532072023596582D-004
   0.526738511540481D-004   0.521429887484643D-004   0.516146253429067D-004
   0.510887711373755D-004   0.505654363318709D-004   0.500446243263927D-004
   0.495263487209412D-004   0.490106163155165D-004   0.484974339101186D-004
   0.479868117047477D-004   0.474787598994037D-004   0.469732852940869D-004
   0.464703980887973D-004   0.459701016835350D-004   0.454724096783000D-004
   0.449773254730925D-004   0.444848592679125D-004   0.439950212627602D-004
   0.435078148576355D-004   0.430232502525386D-004   0.425413342474696D-004
   0.420620736424285D-004   0.415854752374154D-004   0.411115492324305D-004
   0.406403024274737D-004   0.401717416225451D-004   0.397058702176449D-004
   0.392427018127730D-004   0.387822364079297D-004   0.383244842031148D-004
   0.378694519983286D-004   0.374171465935710D-004   0.369675713888422D-004
   0.365207365841421D-004   0.360766455794710D-004   0.356353051748288D-004
   0.351967221702155D-004   0.347609033656314D-004   0.343278521610764D-004
   0.338975756965505D-004   0.334700783920539D-004   0.330453660275866D-004
   0.326234443831486D-004   0.322043182187400D-004   0.317879926343609D-004
   0.313744727300113D-004   0.309637632656913D-004   0.305558690014009D-004
   0.301507943571401D-004   0.297485437529091D-004   0.293491216087078D-004
   0.289525320045362D-004   0.285587793603946D-004   0.281678670762828D-004
   0.277797992322009D-004   0.273945795681490D-004   0.270122111441270D-004
   0.266326980401351D-004   0.262560429761733D-004   0.258822490122416D-004
   0.255113198883400D-004   0.251432573044685D-004   0.247780650006272D-004
   0.244157450168162D-004   0.240562997330354D-004   0.236997315292848D-004
   0.233460424455646D-004   0.229952345218746D-004   0.226473094582150D-004
   0.223022689545857D-004   0.219601147109867D-004   0.216208480874182D-004
   0.212844697638800D-004   0.209509814403722D-004   0.206203837968948D-004
   0.202926775134478D-004   0.199678629300313D-004   0.196459410666452D-004
   0.193269115832895D-004   0.190107748199642D-004   0.186975311166694D-004
   0.183871794534049D-004   0.180797198301709D-004   0.177751515669673D-004
   0.174734739837942D-004   0.171746864006514D-004   0.168787874575390D-004
   0.165857761344569D-004   0.162956507314053D-004   0.160084098883839D-004
   0.157240515653929D-004   0.154425737224322D-004   0.151639746595018D-004
   0.148882519966016D-004   0.146154030137316D-004   0.143454253308919D-004
   0.140783155480823D-004   0.138140712853028D-004   0.135526888025535D-004
   0.132941646998342D-004   0.130384955771450D-004   0.127856780344857D-004
   0.125357073118564D-004   0.122885793292570D-004   0.120442903466875D-004
   0.118028352641477D-004   0.115642093216377D-004   0.113284080991575D-004
   0.110954258167069D-004   0.108652570342858D-004   0.106378969918944D-004
   0.104133392295324D-004   0.101915776271998D-004   0.997260674489653D-005
   0.975641978262258D-005   0.954301028037784D-005   0.933237143816224D-005
   0.912449611597571D-005   0.891937717381817D-005   0.871700713168955D-005
   0.851737850958976D-005   0.832048348751873D-005   0.812631356547636D-005
   0.793486126346257D-005   0.774611740147728D-005   0.756007347952038D-005
   0.737672031759179D-005   0.719604941569141D-005   0.701805057381913D-005
   0.684271495197487D-005   0.667003201015851D-005   0.649999222836995D-005
   0.633258506660908D-005   0.616780032487580D-005   0.600562678316999D-005
   0.584605356149152D-005   0.568906977984029D-005   0.553466387821618D-005
   0.538282395661905D-005   0.523353811504880D-005   0.508679445350528D-005
   0.494258039198837D-005   0.480088335049793D-005   0.466169040903383D-005
   0.452498864759594D-005   0.439076446618411D-005   0.425900460479820D-005
   0.412969444343805D-005   0.400282072210354D-005   0.387836882079449D-005
   0.375632411951077D-005   0.363667165825221D-005   0.351939647701865D-005
   0.340448327580994D-005   0.329191631262591D-005   0.318167974346639D-005
   0.307375745233122D-005   0.296813308522021D-005   0.286478998213320D-005
   0.276371127907000D-005   0.266487977203045D-005   0.256827808701435D-005
   0.247388847602151D-005   0.238169302105176D-005   0.229167346410489D-005
   0.220381137718072D-005   0.211808792427904D-005   0.203448413339965D-005
   0.195298065854236D-005   0.187355794970696D-005   0.179619615089323D-005
   0.172087513410097D-005   0.164757449932996D-005   0.157627357457998D-005
   0.150695134785082D-005   0.143958663714224D-005   0.137415788645403D-005
   0.131064330178596D-005   0.124902078313778D-005   0.118926795850928D-005
   0.113136214990019D-005   0.107528044131030D-005   0.102099957673935D-005
   0.968496028187093D-006   0.917745961653280D-006   0.868725237137657D-006
   0.821409510639969D-006   0.775774030159953D-006   0.731793805697349D-006
   0.689443541251889D-006   0.648697634823304D-006   0.609530212411323D-006
   0.571915026015669D-006   0.535825589636064D-006   0.501235145272225D-006
   0.468116526923868D-006   0.436442330590704D-006   0.406184846272442D-006
   0.377316023968786D-006   0.349807507679439D-006   0.323630683004099D-006
   0.298756547942461D-006   0.275155828494217D-006   0.252798931059057D-006
   0.231655945836665D-006   0.211696633226724D-006   0.192890454428912D-006
   0.175206534042904D-006   0.158613683868373D-006   0.143080392704986D-006
   0.128574822952410D-006   0.115064817410305D-006   0.102517885678331D-006
   0.909012177561414D-007   0.801816670433882D-007   0.703257673397192D-007
   0.612997090447789D-007   0.530693629582083D-007   0.456002564796448D-007
   0.388575872087222D-007   0.328062195450711D-007   0.274106741483183D-007
   0.226351377980869D-007   0.184434569339969D-007   0.147991362956642D-007
   0.116653399427015D-007   0.900488819471762D-008   0.678025661131790D-008
   0.495357531210402D-008   0.348662761667398D-008   0.234084858262214D-008
   0.147732422353919D-008   0.856789639012113D-009   0.439628198624215D-009
   0.185870283955070D-009   0.551919931805351D-010   0.691393407272398D-011
