        3000    1.00000        5.55498        658.620        1
   0
    97.7884789935212         97.3847034120118         96.9824376610579
    96.5816751970517         96.1824095218966         95.7846341818524
    95.3883427689620         94.9935289190137         94.6001863119562
    94.2083086716364         93.8178897646775         93.4289234011759
    93.0414034335035         92.6553237565029         92.2706783061708
    91.8874610615280         91.5056660407688         91.1252873048063
    90.7463189538129         90.3687551283937         89.9925900098159
    89.6178178170262         89.2444328103394         88.8724292865089
    88.5018015825776         88.1325440730817         87.7646511700504
    87.3981173234401         87.0329370207097         86.6691047850695
    86.3066151770460         85.9454627936991         85.5856422665326
    85.2271482642900         84.8699754906687         84.5141186830364
    84.1595726146501         83.8063320934153         83.4543919595571
    83.1037470895047         82.7543923909282         82.4063228055689
    82.0595333083894         81.7140189064523         81.3697746392682
    81.0267955782189         80.6850768258935         80.3446135178827
    80.0054008194388         79.6674339273789         79.3307080684202
    78.9952185006160         78.6609605111461         78.3279294174051
    77.9961205662624         77.6655293341149         77.3361511255936
    77.0079813744653         76.6810155430129         76.3552491216860
    76.0306776287534         75.7072966099972         75.3851016393330
    75.0640883169064         74.7442522698751         74.4255891528003
    74.1080946465156         73.7917644570487         73.4765943177545
    73.1625799867904         72.8497172478656         72.5380019099167
    72.2274298073555         71.9179967985137         71.6096987671124
    71.3025316210310         70.9964912912189         70.6915737336334
    70.3877749274974         70.0850908748750         69.7835176018355
    69.4830511570938         69.1836876122916         68.8854230604322
    68.5882536185338         68.2921754248329         67.9971846393622
    67.7032774442647         67.4104500429879         67.1186986599592
    66.8280195408334         66.5384089528753         66.2498631826304
    65.9623785386881         65.6759513478734         65.3905779598283
    65.1062547412325         64.8229780804612         64.5407443848651
    64.2595500809320         63.9793916141684         63.7002654496427
    63.4221680700481         63.1450959781079         62.8690456940934
    62.5940137569889         62.3199967230548         62.0469911671118
    61.7749936815287         61.5040008759172         61.2340093782962
    60.9650158322527         60.6970169002150         60.4300092599071
    60.1639896066111         59.8989546518066         59.6349011239441
    59.3718257668986         59.1097253408192         58.8485966227926
    58.5884364038932         58.3292414924816         58.0710087109826
    57.8137348984530         57.5574169076659         57.3020516079831
    57.0476358822538         56.7941666284029         56.5416407598233
    56.2900552028505         56.0394068998319         55.7896928052415
    55.5409098894887         55.2930551361214         55.0461255419455
    54.8001181176789         54.5550298882323         54.3108578906437
    54.0675991758996         53.8252508082609         53.5838098645122
    53.3432734344344         53.1036386204953         52.8649025377456
    52.6270623138195         52.3901150885092         52.1540580140218
    51.9188882545106         51.6846029862223         51.4511993971864
    51.2186746874610         50.9870260683914         50.7562507630575
    50.5263460059955         50.2973090429806         50.0691371309943
    49.8418275380719         49.6153775434495         49.3897844370638
    49.1650455195834         48.9411581026556         48.7181195082522
    48.4959270688325         48.2745781273006         48.0540700368256
    47.8344001608904         47.6155658728402         47.3975645561489
    47.1803936041692         46.9640504200836         46.7485324167190
    46.5338370166450         46.3199616517766         46.1069037636628
    45.8946608030126         45.6832302301264         45.4726095140448
    45.2627961333726         45.0537875754343         44.8455813363932
    44.6381749216449         44.4315658449616         44.2257516291458
    44.0207298052355         43.8164979131305         43.6130535009878
    43.4103941254290         43.2085173514804         43.0074207521317
    42.8071019086141         42.6075584103731         42.4087878547748
    42.2107878471874         42.0135560006324         41.8170899361777
    41.6213872825068         41.4264456760282         41.2322627607446
    41.0388361878987         40.8461636166823         40.6542427134458
    40.4630711516818         40.2726466125385         40.0829667840994
    39.8940293616347         39.7058320476667         39.5183725515943
    39.3316485897741         39.1456578855866         38.9603981691258
    38.7758671775583         38.5920626544975         38.4089823502543
    38.2266240219947         38.0449854333211         37.8640643543429
    37.6838585616983         37.5043658384241         37.3255839739994
    37.1475107640399         36.9701440107731         36.7934815221930
    36.6175211129000         36.4422606032505         36.2676978200497
    36.0938305958427         35.9206567693127         35.7481741850307
    35.5763806934607         35.4052741509986         35.2348524197478
    35.0651133676623         34.8960548683609         34.7276748012854
    34.5599710512267         34.3929415089680         34.2265840705330
    34.0608966378236         33.8958771177427         33.7315234229950
    33.5678334716845         33.4048051871400         33.2424364982151
    33.0807253389553         32.9196696486593         32.7592673717958
    32.5995164583051         32.4404148630529         32.2819605460436
    32.1241514725023         31.9669856125583         31.8104609416055
    31.6545754399537         31.4993270927901         31.3447138902889
    31.1907338275406         31.0373849046718         30.8846651263601
    30.7325725024564         30.5811050474119         30.4302607804368
    30.2800377256144         30.1304339116020         29.9814473718108
    29.8330761444113         29.6853182721100         29.5381718021551
    29.3916347866147         29.2457052819351         29.1003813492193
    28.9556610540198         28.8115424663824         28.6680236609555
    28.5251027166409         28.3827777168781         28.2410467495895
    28.0999079070006         27.9593592857330         27.8193989867553
    27.6800251152199         27.5412357809538         27.4030290975752
    27.2654031835026         27.1283561609355         26.9918861566336
    26.8559913014214         26.7206697303355         26.5859195827060
    26.4517390018137         26.3181261353480         26.1850791348183
    26.0525961560609         25.9206753590105         25.7893149077060
    25.6585129700279         25.5282677181956         25.3985773282984
    25.2694399805626         25.1408538589755         25.0128171518527
    24.8853280513256         24.7583847534885         24.6319854584159
    24.5061283699379         24.3808116963284         24.2560336492142
    24.1317924444857         24.0080863016376         23.8849134444229
    23.7622721000355         23.6401604999716         23.5185768791739
    23.3975194765606         23.2769865351346         23.1569763014383
    23.0374870257011         22.9185169622809         22.8000643692446
    22.6821275082101         22.5647046447827         22.4477940482221
    22.3313939917651         22.2155027520361         22.1001186095873
    21.9852398487133         21.8708647574409         21.7569916273374
    21.6436187539533         21.5307444361892         21.4183669768744
    21.3064846826469         21.1950958633481         21.0841988329065
    20.9737919088034         20.8638734121165         20.7544416675257
    20.6454950035257         20.5370317521151         20.4290502489170
    20.3215488331787         20.2145258478211         20.1079796394387
    20.0019085580327         19.8963109572453         19.7911851945126
    19.6865296306503         19.5823426301759         19.4786225611663
    19.3753677951933         19.2725767074591         19.1702476767045
    19.0683790854216         18.9669693193353         18.8660167679603
    18.7655198242517         18.6654768847688         18.5658863495502
    18.4667466223479         18.3680561101477         18.2698132238019
    18.1720163772932         18.0746639886620         17.9777544788772
    17.8812862729059         17.7852577988948         17.6896674887323
    17.5945137778089         17.4997951047932         17.4055099119868
    17.3116566454226         17.2182337542321         17.1252396912590
    17.0326729129233         16.9405318789184         16.8488150525113
    16.7575209006216         16.6666478933801         16.5761945045706
    16.4861592114251         16.3965404946082         16.3073368383203
    16.2185467301942         16.1301686614889         16.0422011265306
    15.9546426236429         15.8674916540854         15.7807467231348
    15.6944063391487         15.6084690139859         15.5229332630532
    15.4377976051195         15.3530605626655         15.2687206613133
    15.1847764303343         15.1012264023106         15.0180691134736
    14.9353031032321         14.8529269148244         14.7709390945027
    14.6893381922996         14.6081227615076         14.5272913589678
    14.4468425450457         14.3667748832059         14.2870869407429
    14.2077772881541         14.1288444995650         14.0502871522227
    13.9721038272561         13.8942931088610         13.8168535848182
    13.7397838463793         13.6630824881654         13.5867481082086
    13.5107793080908         13.4351746926602         13.3599328703344
    13.2850524528957         13.2105320555592         13.1363702970059
    13.0625657992820         12.9891171879320         12.9160230918713
    12.8432821435467         12.7708929785631         12.6988542362998
    12.6271645593253         12.5558225936923         12.4848269888211
    12.4141763977077         12.3438694765909         12.2739048853046
    12.2042812868725         12.1349973479359         12.0660517385009
    11.9974431318345         11.9291702049722         11.8612316379280
    11.7936261145099         11.7263523216811         11.6594089499165
    11.5927946930984         11.5265082485015         11.4605483168992
    11.3949136022533         11.3296028121339         11.2646146574809
    11.1999478526258         11.1356011152234         11.0715731664376
    11.0078627306878         10.9444685360878         10.8813893138135
    10.8186237986727         10.7561707287970         10.6940288455304
    10.6321968940124         10.5706736223986         10.5094577824389
    10.4485481292398         10.3879434212160         10.3276424203246
    10.2676438917163         10.2079466040980         10.1485493294878
    10.0894508433316         10.0306499243404         9.97214535476528
    9.91393592015203         9.85602040938234         9.79839761481828
    9.74106633204328         9.68402536029591         9.62727350191889
    9.57080956263744         9.51463235177207         9.45874068175313
    9.40313336840453         9.34780923122753         9.29276709269973
    9.23800577892979         9.18352411902744         9.12932094600089
    9.07539509575039         9.02174540764115         8.96837072464247
    8.91526989270857         8.86244176134614         8.80988518345334
    8.75759901507441         8.70558211566981         8.65383334834260
    8.60235157896569         8.55113567730300         8.50018451601655
    8.44949697146583         8.39907192292768         8.34890825351013
    8.29900484911050         8.24936059949288         8.19997439725709
    8.15084513851256         8.10197172294102         8.05335305307923
    8.00498803499279         7.95687557817523         7.90901459516074
    7.86140400209707         7.81404271812908         7.76692966591708
    7.72006377129323         7.67344396341699         7.62706917490071
    7.58093834124506         7.53505040161367         7.48940429839685
    7.44399897699607         7.39883338646510         7.35390647883350
    7.30921720951863         7.26476453717838         7.22054742382580
    7.17656483467634         7.13281573819164         7.08929910592672
    7.04601391309750         7.00295913767789         6.96013376126733
    6.91753676856704         6.87516714750014         6.83302388926625
    6.79110598818877         6.74941244206679         6.70794225162147
    6.66669442102792         6.62566795749799         6.58486187166754
    6.54427517725292         6.50390689103730         6.46375603333987
    6.42382162749772         6.38410269996124         6.34459828056701
    6.30530740213685         6.26622910085703         6.22736241595094
    6.18870638996017         6.15026006850992         6.11202250044271
    6.07399273780208         6.03616983551071         5.99855285204429
    5.96114084888322         5.92393289056182         5.88692804488927
    5.85012538271507         5.81352397808450         5.77712290821981
    5.74092125343545         5.70491809709725         5.66911252571540
    5.63350362904775         5.59809049980019         5.56287223398658
    5.52784793051963         5.49301669146204         5.45837762195533
    5.42392983047095         5.38967242821602         5.35560452967841
    5.32172525231603         5.28803371691148         5.25452904687945
    5.22121036914454         5.18807681341095         5.15512751253287
    5.12236160240043         5.08977822194495         5.05737651316092
    5.02515562108398         4.99311469365495         4.96125288203581
    4.92956934028846         4.89806322546161         4.86673369766711
    4.83557992014588         4.80460105894048         4.77379628310741
    4.74316476479987         4.71270567920698         4.68241820418870
    4.65230152090882         4.62235481346350         4.59257726878922
    4.56296807672243         4.53352643028306         4.50425152516149
    4.47514256034036         4.44619873741408         4.41741926103068
    4.38880333894679         4.36035018149784         4.33205900224761
    4.30392901742603         4.27595944634872         4.24814951113678
    4.22049843685336         4.19300545139001         4.16566978566434
    4.13849067326104         4.11146735084432         4.08459905782090
    4.05788503648179         4.03132453199562         4.00491679239382
    3.97866106855396         3.95255661409611         3.92660268556767
    3.90079854242508         3.87514344671325         3.84963666353890
    3.82427746071364         3.79906510875916         3.77399888116454
    3.74907805408124         3.72430190660520         3.69966972040308
    3.67518078009941         3.65083437301356         3.62662978918745
    3.60256632148431         3.57864326558254         3.55485991971842
    3.53121558504884         3.50770956538358         3.48434116724494
    3.46110969990498         3.43801447541943         3.41505480837136
    3.39223001623538         3.36953941913898         3.34698233974798
    3.32455810369947         3.30226603905001         3.28010547666515
    3.25807574999125         3.23617619527510         3.21440615122206
    3.19276495939570         3.17125196390032         3.14986651138524
    3.12860795122718         3.10747563553642         3.08646891879649
    3.06558715831709         3.04482971389663         3.02419594792349
    3.00368522547092         2.98329691403318         2.96303038396694
    2.94288500790957         2.92286016117999         2.90295522174053
    2.88316956991818         2.86350258886420         2.84395366389838
    2.82452218322159         2.80520753734257         2.78600911940393
    2.76692632507095         2.74795855241269         2.72910520207101
    2.71036567723575         2.69173938349719         2.67322572893680
    2.65482412411957         2.63653398215848         2.61835471852880
    2.60028575122989         2.58232650065545         2.56447638969890
    2.54673484362078         2.52910129014557         2.51157515955247
    2.49415588424335         2.47684289935567         2.45963564215533
    2.44253355254882         2.42553607261262         2.40864264694922
    2.39185272251870         2.37516574865252         2.35858117695476
    2.34209846152165         2.32571705876690         2.30943642737634
    2.29325602840438         2.27717532531832         2.26119378382089
    2.24531087189598         2.22952606000396         2.21383882078711
    2.19824862916126         2.18275496243804         2.16735730012104
    2.15205512401463         2.13684791825357         2.12173516924523
    2.10671636543194         2.09179099786995         2.07695855952057
    2.06221854590037         2.04757045440380         2.03301378499674
    2.01854803963327         2.00417272258161         1.98988734024423
    1.97569140129863         1.96158441661431         1.94756589917873
    1.93363536417809         1.91979232894280         1.90603631314134
    1.89236683840126         1.87878342851490         1.86528560956828
    1.85187290964319         1.83854485897151         1.82530099005008
    1.81214083727376         1.79906393737784         1.78606982899036
    1.77315805297814         1.76032815225685         1.74757967180763
    1.73491215879653         1.72232516227564         1.70981823348381
    1.69739092571066         1.68504279433565         1.67277339671598
    1.66058229218416         1.64846904229911         1.63643321047528
    1.62447436219499         1.61259206500383         1.60078588845412
    1.58905540391369         1.57740018501681         1.56581980717077
    1.55431384794145         1.54288188669156         1.53152350483457
    1.52023828576744         1.50902581479275         1.49788567917460
    1.48681746817680         1.47582077285998         1.46489518634986
    1.45404030362245         1.44325572151506         1.43254103897684
    1.42189585656004         1.41131977701703         1.40081240477297
    1.39037334619495         1.38000220953855         1.36969860490872
    1.35946214432085         1.34929244161009         1.33918911236409
    1.32915177424319         1.31918004654140         1.30927355043356
    1.29943190899305         1.28965474705430         1.27994169115412
    1.27029236987914         1.26070641334174         1.25118345362925
    1.24172312460622         1.23232506178187         1.22298890262931
    1.21371428612788         1.20450085330243         1.19534824672221
    1.18625611086266         1.17722409172591         1.16825183731526
    1.15933899714787         1.15048522251294         1.14169016650992
    1.13295348381653         1.12427483080190         1.11565386574037
    1.10709024843638         1.09858364029887         1.09013370460577
    1.08174010611972         1.07340251144942         1.06512058870023
    1.05689400774957         1.04872244002168         1.04060555868229
    1.03254303845585         1.02453455570287         1.01657978841656
    1.00867841625767         1.00083012039125        0.993034583657569
   0.985291490467515        0.977600526864696        0.969961380392757
   0.962373740263817        0.954837297205316        0.947351743539201
   0.939916773107033        0.932532081360150        0.925197365273789
   0.917912323331810        0.910676655658405        0.903490063754671
   0.896352250769683        0.889262921318656        0.882221781517791
   0.875228539022459        0.868282903024788        0.861384584080956
   0.854533294353569        0.847728747451817        0.840970658446752
   0.834258743914693        0.827592721893815        0.820972311811132
   0.814397234621833        0.807867212708135        0.801381969895482
   0.794941231440629        0.788544724058837        0.782192175803147
   0.775883316243801        0.769617876335581        0.763395588375340
   0.757216186157566        0.751079404818811        0.744984980892102
   0.738932652326495        0.732922158405481        0.726953239774180
   0.721025638513307        0.715139097983610        0.709293362981431
   0.703488179548307        0.697723295242966        0.691998458807296
   0.686313420321903        0.680667931291062        0.675061744488092
   0.669494613978267        0.663966295196133        0.658476544814727
   0.653025120876355        0.647611782692370        0.642236290819312
   0.636898407195858        0.631597894924277        0.626334518457480
   0.621108043490222        0.615918236993940        0.610764867174274
   0.605647703505911        0.600566516705377        0.595521078703843
   0.590511162767850        0.585536543234942        0.580596995832430
   0.575692297385832        0.570822225954872        0.565986560864964
   0.561185082601767        0.556417572881795        0.551683814566527
   0.546983591744012        0.542316689659191        0.537682894787858
   0.533081994696377        0.528513778197240        0.523978035229280
   0.519474556829538        0.515003135367068        0.510563564142582
   0.506155637734407        0.501779151823361        0.497433903204680
   0.493119689834779        0.488836310730090        0.484583566145537
   0.480361257276270        0.476169186590772        0.472007157575065
   0.467874974833874        0.463772443997105        0.459699371883043
   0.455655566354710        0.451640836324162        0.447654991867980
   0.443697843972423        0.439769204784931        0.435868887594559
   0.431996706580475        0.428152477040554        0.424336015325048
   0.420547138845160        0.416785665994799        0.413051416221188
   0.409344210023927        0.405663868862408        0.402010215276536
   0.398383072734521        0.394782265847125        0.391207620056538
   0.387658961924587        0.384136118949043        0.380638919665714
   0.377167193550638        0.373720771063490        0.370299483658574
   0.366903163719432        0.363531644616598        0.360184760723804
   0.356862347327814        0.353564240602153        0.350290277862898
   0.347040297083367        0.343814137492515        0.340611638976539
   0.337432642502146        0.334276989957649        0.331144524083283
   0.328035088633476        0.324948528117705        0.321884688118324
   0.318843415015211        0.315824556152325        0.312827959737472
   0.309853474853297        0.306900951504048        0.303970240542546
   0.301061193704090        0.298173663622667        0.295307503764628
   0.292462568499297        0.289638713063201        0.286835793463191
   0.284053666690694        0.281292190480264        0.278551223418378
   0.275830624986852        0.273130255445465        0.270449975956970
   0.267789648451096        0.265149135697572        0.262528301311352
   0.259927009650516        0.257345125941279        0.254782516273707
   0.252239047373129        0.249714586972361        0.247209003427554
   0.244722165990200        0.242253944636287        0.239804210178455
   0.237372834146204        0.234959688929535        0.232564647596184
   0.230187584089663        0.227828373027870        0.225486889834802
   0.223163010654668        0.220856612419150        0.218567572780143
   0.216295770180365        0.214041083764120        0.211803393407850
   0.209582579763542        0.207378524200050        0.205191108822646
   0.203020216376155        0.200865730403858        0.198727535185466
   0.196605515679357        0.194499557533575        0.192409547129233
   0.190335371517546        0.188276918482801        0.186234076495592
   0.184206734728104        0.182194782984431        0.180198111817013
   0.178216612449327        0.176250176732473        0.174298697227709
   0.172362067170682        0.170440180456148        0.168532931654183
   0.166640215935289        0.164761929199688        0.162897967967589
   0.161048229414960        0.159212611369243        0.157391012301711
   0.155583331250162        0.153789468020305        0.152009322918043
   0.150242796986641        0.148489791858799        0.146750209741372
   0.145023953462143        0.143310926589602        0.141611033189085
   0.139924177946850        0.138250266173427        0.136589203750157
   0.134940897256612        0.133305253749651        0.131682180953817
   0.130071587140608        0.128473381194811        0.126887472587294
   0.125313771363087        0.123752188122748        0.122202634083474
   0.120665020990795        0.119139261226435        0.117625267646054
   0.116122953745794        0.114632233499081        0.113153021543675
   0.111685232963130        0.110228783482425        0.108783589311456
   0.107349567230928        0.105926634530319        0.104514709097112
   0.103113709347126        0.101723554146261        0.100344162974639
   0.989754558245007D-001   0.976173531581505D-001   0.962697760452102D-001
   0.949326460209690D-001   0.936058851523967D-001   0.922894159787236D-001
   0.909831615941883D-001   0.896870456028452D-001   0.884009920859235D-001
   0.871249256366669D-001   0.858587713581311D-001   0.846024548381868D-001
   0.833559021488861D-001   0.821190398710511D-001   0.808917950610048D-001
   0.796740952680409D-001   0.784658685174765D-001   0.772670433172435D-001
   0.760775486502499D-001   0.748973139749051D-001   0.737262692218752D-001
   0.725643447918846D-001   0.714114715579162D-001   0.702675808346591D-001
   0.691326044112565D-001   0.680064745540280D-001   0.668891239508061D-001
   0.657804857709919D-001   0.646804936202553D-001   0.635890815585260D-001
   0.625061840858746D-001   0.614317361495173D-001   0.603656731368094D-001
   0.593079308713740D-001   0.582584456120538D-001   0.572171540637953D-001
   0.561839933411325D-001   0.551589010019808D-001   0.541418150291211D-001
   0.531326738208829D-001   0.521314162043345D-001   0.511379814149788D-001
   0.501523091148592D-001   0.491743393832441D-001   0.482040127040735D-001
   0.472412699545548D-001   0.462860524498383D-001   0.453383018857873D-001
   0.443979603804084D-001   0.434649704346190D-001   0.425392749436496D-001
   0.416208172058350D-001   0.407095409263785D-001   0.398053901775956D-001
   0.389083094233958D-001   0.380182435357100D-001   0.371351377415480D-001
   0.362589376737450D-001   0.353895893174954D-001   0.345270390687342D-001
   0.336712336653991D-001   0.328221202327354D-001   0.319796462739800D-001
   0.311437596545644D-001   0.303144085934343D-001   0.294915416924460D-001
   0.286751079080123D-001   0.278650565527805D-001   0.270613373065096D-001
   0.262639001822782D-001   0.254726955804719D-001   0.246876742222409D-001
   0.239087871980444D-001   0.231359859262227D-001   0.223692221944265D-001
   0.216084481105489D-001   0.208536161337967D-001   0.201046790665336D-001
   0.193615900362818D-001   0.186243025164391D-001   0.178927702984489D-001
   0.171669475316602D-001   0.164467886698677D-001   0.157322484952695D-001
   0.150232821299736D-001   0.143198450054526D-001   0.136218928837773D-001
   0.129293818309405D-001   0.122422682479313D-001   0.115605088429019D-001
   0.108840606382848D-001   0.102128809533179D-001   0.954692745646686D-002
   0.888615807533576D-002   0.823053107911807D-002   0.758000502345561D-002
   0.693453876247244D-002   0.629409147492984D-002   0.565862260699692D-002
   0.502809191964624D-002   0.440245947180901D-002   0.378168558762737D-002
   0.316573093115733D-002   0.255455640822922D-002   0.194812323299082D-002
   0.134639290823763D-002   0.749327209089682D-003   0.156888216788306D-003
  -0.430961740733400D-003  -0.101426003705884D-002  -0.159304377124901D-002
  -0.216734975915662D-002  -0.273721455246996D-002  -0.330267444258280D-002
  -0.386376543161198D-002  -0.442052325374314D-002  -0.497298338935297D-002
  -0.552118104157584D-002  -0.606515115921276D-002  -0.660492842145976D-002
  -0.714054725370432D-002  -0.767204181172653D-002  -0.819944601549418D-002
  -0.872279350501082D-002  -0.924211768718679D-002  -0.975745170748565D-002
  -0.102688284543202D-001  -0.107762805764173D-001  -0.112798404774864D-001
  -0.117795403111912D-001  -0.122754119746681D-001  -0.127674871472368D-001
  -0.132557972522082D-001  -0.137403734748838D-001  -0.142212467620318D-001
  -0.146984478174921D-001  -0.151720071305280D-001  -0.156419549284355D-001
  -0.161083212375348D-001  -0.165711358352547D-001  -0.170304282560960D-001
  -0.174862278456171D-001  -0.179385636938921D-001  -0.183874646628205D-001
  -0.188329594209633D-001  -0.192750763781553D-001  -0.197138437503720D-001
  -0.201492895237374D-001  -0.205814414725202D-001  -0.210103271509741D-001
  -0.214359738971016D-001  -0.218584088414449D-001  -0.222776588906591D-001
  -0.226937507624556D-001  -0.231067109370578D-001  -0.235165657166272D-001
  -0.239233411789141D-001  -0.243270631947311D-001  -0.247277574420761D-001
  -0.251254493865682D-001  -0.255201643037327D-001  -0.259119272545178D-001
  -0.263007631190911D-001  -0.266866965646107D-001  -0.270697520764090D-001
  -0.274499539398862D-001  -0.278273262362260D-001  -0.282018928636313D-001
  -0.285736775351283D-001  -0.289427037829613D-001  -0.293089949182047D-001
  -0.296725740896696D-001  -0.300334642550267D-001  -0.303916881976499D-001
  -0.307472684944966D-001  -0.311002275678986D-001  -0.314505876375365D-001
  -0.317983707553860D-001  -0.321435987931641D-001  -0.324862934352115D-001
  -0.328264762188801D-001  -0.331641684608763D-001  -0.334993913538300D-001
  -0.338321658828025D-001  -0.341625128678723D-001  -0.344904529880886D-001
  -0.348160067166101D-001  -0.351391943599344D-001  -0.354600360960878D-001
  -0.357785518950065D-001  -0.360947615801597D-001  -0.364086848263522D-001
  -0.367203411133759D-001  -0.370297497947498D-001  -0.373369300322211D-001
  -0.376419008563463D-001  -0.379446811233845D-001  -0.382452895305729D-001
  -0.385437446390396D-001  -0.388400648464947D-001  -0.391342683834670D-001
  -0.394263733345407D-001  -0.397163976437952D-001  -0.400043591061243D-001
  -0.402902753453651D-001  -0.405741638596048D-001  -0.408560419960685D-001
  -0.411359269407606D-001  -0.414138357566548D-001  -0.416897853482260D-001
  -0.419637924745251D-001  -0.422358737737713D-001  -0.425060457136500D-001
  -0.427743246355732D-001  -0.430407267491315D-001  -0.433052681125303D-001
  -0.435679646745446D-001  -0.438288321970962D-001  -0.440878863659463D-001
  -0.443451426723662D-001  -0.446006165314662D-001  -0.448543231851038D-001
  -0.451062777722998D-001  -0.453564952746176D-001  -0.456049905663893D-001
  -0.458517783917992D-001  -0.460968733424944D-001  -0.463402899050864D-001
  -0.465820424469200D-001  -0.468221451953585D-001  -0.470606122628935D-001
  -0.472974576247549D-001  -0.475326951413011D-001  -0.477663385694227D-001
  -0.479984015151470D-001  -0.482288974985061D-001  -0.484578398793574D-001
  -0.486852419332382D-001  -0.489111168120222D-001  -0.491354775423569D-001
  -0.493583370370606D-001  -0.495797081000444D-001  -0.497996034252659D-001
  -0.500180355781028D-001  -0.502350170297765D-001  -0.504505601273255D-001
  -0.506646771137955D-001  -0.508773801206059D-001  -0.510886811784243D-001
  -0.512985922008516D-001  -0.515071249876613D-001  -0.517142912297187D-001
  -0.519201025553286D-001  -0.521245704375381D-001  -0.523277062590035D-001
  -0.525295213163859D-001  -0.527300267870787D-001  -0.529292337455301D-001
  -0.531271531801923D-001  -0.533237959629702D-001  -0.535191728780991D-001
  -0.537132946003817D-001  -0.539061717201932D-001  -0.540978147135591D-001
  -0.542882339912254D-001  -0.544774398146424D-001  -0.546654424115766D-001
  -0.548522518621734D-001  -0.550378781970972D-001  -0.552223313260696D-001
  -0.554056210760593D-001  -0.555877571727636D-001  -0.557687492645672D-001
  -0.559486069094626D-001  -0.561273395777724D-001  -0.563049566205521D-001
  -0.564814673480573D-001  -0.566568809436388D-001  -0.568312065313306D-001
  -0.570044531294996D-001  -0.571766296868368D-001  -0.573477450562029D-001
  -0.575178080158649D-001  -0.576868272515011D-001  -0.578548113633164D-001
  -0.580217688818402D-001  -0.581877082580913D-001  -0.583526378374212D-001
  -0.585165659151773D-001  -0.586795006853275D-001  -0.588414502787563D-001
  -0.590024227315635D-001  -0.591624260205292D-001  -0.593214680347638D-001
  -0.594795565838662D-001  -0.596366994001215D-001  -0.597929041668559D-001
  -0.599481784415350D-001  -0.601025297659355D-001  -0.602559655663319D-001
  -0.604084932074838D-001  -0.605601199970305D-001  -0.607108531407086D-001
  -0.608606998073290D-001  -0.610096670610795D-001  -0.611577619379045D-001
  -0.613049913528054D-001  -0.614513621898191D-001  -0.615968812643527D-001
  -0.617415552888651D-001  -0.618853909524897D-001  -0.620283948500951D-001
  -0.621705735145116D-001  -0.623119334224953D-001  -0.624524809734878D-001
  -0.625922225217358D-001  -0.627311643283747D-001  -0.628693126039045D-001
  -0.630066735229428D-001  -0.631432531369677D-001  -0.632790575057258D-001
  -0.634140925707416D-001  -0.635483642458174D-001  -0.636818783679652D-001
  -0.638146407153998D-001  -0.639466570282577D-001  -0.640779329518879D-001
  -0.642084741088350D-001  -0.643382860295772D-001  -0.644673742146732D-001
  -0.645957440873675D-001  -0.647234010382650D-001  -0.648503503762616D-001
  -0.649765973716516D-001  -0.651021472244220D-001  -0.652270051003539D-001
  -0.653511760922004D-001  -0.654746652546362D-001  -0.655974775775775D-001
  -0.657196179964315D-001  -0.658410913976461D-001  -0.659619026295881D-001
  -0.660820564643568D-001  -0.662015576414103D-001  -0.663204108364943D-001
  -0.664386206949117D-001  -0.665561917911372D-001  -0.666731286561250D-001
  -0.667894357783535D-001  -0.669051175951440D-001  -0.670201784833468D-001
  -0.671346227915671D-001  -0.672484548188195D-001  -0.673616788020807D-001
  -0.674742989440117D-001  -0.675863193906762D-001  -0.676977442641797D-001
  -0.678085776120346D-001  -0.679188234627133D-001  -0.680284857831726D-001
  -0.681375685033344D-001  -0.682460755253970D-001  -0.683540106545757D-001
  -0.684613777283116D-001  -0.685681804816219D-001  -0.686744226375992D-001
  -0.687801078621069D-001  -0.688852397998800D-001  -0.689898220231491D-001
  -0.690938581020553D-001  -0.691973515364340D-001  -0.693003057897155D-001
  -0.694027242969766D-001  -0.695046104574130D-001  -0.696059676102701D-001
  -0.697067990845455D-001  -0.698071081389294D-001  -0.699068980234306D-001
  -0.700061719363772D-001  -0.701049330319469D-001  -0.702031844523920D-001
  -0.703009292740547D-001  -0.703981705613524D-001  -0.704949113236711D-001
  -0.705911545481150D-001  -0.706869031896699D-001  -0.707821601428518D-001
  -0.708769283082466D-001  -0.709712105183319D-001  -0.710650095811052D-001
  -0.711583282877215D-001  -0.712511693639474D-001  -0.713435355361801D-001
  -0.714354294785065D-001  -0.715268538356154D-001  -0.716178112195547D-001
  -0.717083042282515D-001  -0.717983353893253D-001  -0.718879072364674D-001
  -0.719770222712505D-001  -0.720656829325792D-001  -0.721538916654286D-001
  -0.722416508651836D-001  -0.723289628918682D-001  -0.724158301022646D-001
  -0.725022548003217D-001  -0.725882392709478D-001  -0.726737857691322D-001
  -0.727588965160705D-001  -0.728435737205115D-001  -0.729278195443327D-001
  -0.730116361407298D-001  -0.730950256199006D-001  -0.731779900735252D-001
  -0.732605315666058D-001  -0.733426521391423D-001  -0.734243537968192D-001
  -0.735056385344414D-001  -0.735865083043373D-001  -0.736669650343562D-001
  -0.737470106513025D-001  -0.738266470323898D-001  -0.739058760407090D-001
  -0.739846995203115D-001  -0.740631192705755D-001  -0.741411370843939D-001
  -0.742187547312253D-001  -0.742959739555247D-001  -0.743727964679548D-001
  -0.744492239852494D-001  -0.745252581597970D-001  -0.746009006473382D-001
  -0.746761530900129D-001  -0.747510170956462D-001  -0.748254942404667D-001
  -0.748995860865815D-001  -0.749732941950528D-001  -0.750466200827925D-001
  -0.751195652449517D-001  -0.751921311756369D-001  -0.752643193297221D-001
  -0.753361311479587D-001  -0.754075680629379D-001  -0.754786314652976D-001
  -0.755493227468296D-001  -0.756196432704495D-001  -0.756895943805555D-001
  -0.757591773943454D-001  -0.758283936415731D-001  -0.758972443969611D-001
  -0.759657309292696D-001  -0.760338545012966D-001  -0.761016163442447D-001
  -0.761690176779147D-001  -0.762360597063085D-001  -0.763027436094713D-001
  -0.763690705560453D-001  -0.764350416885180D-001  -0.765006581586893D-001
  -0.765659210687686D-001  -0.766308315231630D-001  -0.766953906170752D-001
  -0.767595994124364D-001  -0.768234589439782D-001  -0.768869702873410D-001
  -0.769501344347807D-001  -0.770129524063844D-001  -0.770754252037213D-001
  -0.771375537886054D-001  -0.771993391381256D-001  -0.772607821819780D-001
  -0.773218838776899D-001  -0.773826451359168D-001  -0.774430668689907D-001
  -0.775031499680051D-001  -0.775628953033382D-001  -0.776223037568793D-001
  -0.776813761641689D-001  -0.777401133804185D-001  -0.777985162319641D-001
  -0.778565855266238D-001  -0.779143220689737D-001  -0.779717266450721D-001
  -0.780288000426528D-001  -0.780855430107383D-001  -0.781419563207422D-001
  -0.781980407048454D-001  -0.782537968767101D-001  -0.783092255854683D-001
  -0.783643275181045D-001  -0.784191033709174D-001  -0.784735538374850D-001
  -0.785276795852296D-001  -0.785814812706946D-001  -0.786349595542955D-001
  -0.786881150767774D-001  -0.787409484642408D-001  -0.787934603504237D-001
  -0.788456513254358D-001  -0.788975220061729D-001  -0.789490729838978D-001
  -0.790003048237177D-001  -0.790512181158507D-001  -0.791018134090840D-001
  -0.791520912566004D-001  -0.792020522214180D-001  -0.792516968174864D-001
  -0.793010255762281D-001  -0.793500390078280D-001  -0.793987376404667D-001
  -0.794471219527336D-001  -0.794951924434115D-001  -0.795429496031229D-001
  -0.795903938990549D-001  -0.796375257929550D-001  -0.796843457482457D-001
  -0.797308542234318D-001  -0.797770516503409D-001  -0.798229384711575D-001
  -0.798685151122689D-001  -0.799137819810224D-001  -0.799587395136405D-001
  -0.800033881065906D-001  -0.800477281563398D-001  -0.800917600517173D-001
  -0.801354841854260D-001  -0.801789009354153D-001  -0.802220106753478D-001
  -0.802648137570175D-001  -0.803073105617250D-001  -0.803495014140638D-001
  -0.803913866898947D-001  -0.804329667056512D-001  -0.804742418077965D-001
  -0.805152123280397D-001  -0.805558785763303D-001  -0.805962408833331D-001
  -0.806362995459197D-001  -0.806760548860732D-001  -0.807155071903071D-001
  -0.807546567593665D-001  -0.807935038814408D-001  -0.808320488414771D-001
  -0.808702919222248D-001  -0.809082333928337D-001  -0.809458735246503D-001
  -0.809832125813844D-001  -0.810202508240255D-001  -0.810569885130404D-001
  -0.810934258854610D-001  -0.811295632066722D-001  -0.811654007082658D-001
  -0.812009386267511D-001  -0.812361771882797D-001  -0.812711166391964D-001
  -0.813057571996908D-001  -0.813400990877544D-001  -0.813741425208569D-001
  -0.814078877110275D-001  -0.814413348730156D-001  -0.814744842106904D-001
  -0.815073359202841D-001  -0.815398902160235D-001  -0.815721472908979D-001
  -0.816041073177036D-001  -0.816357705047057D-001  -0.816671370367332D-001
  -0.816982070991381D-001  -0.817289808609520D-001  -0.817594585042841D-001
  -0.817896401905285D-001  -0.818195261192677D-001  -0.818491164262624D-001
  -0.818784113078532D-001  -0.819074108998005D-001  -0.819361153853669D-001
  -0.819645249047089D-001  -0.819926396236156D-001  -0.820204596893587D-001
  -0.820479852519299D-001  -0.820752164640407D-001  -0.821021534724410D-001
  -0.821287964113240D-001  -0.821551454383195D-001  -0.821812006898190D-001
  -0.822069622869389D-001  -0.822324303867859D-001  -0.822576051050366D-001
  -0.822824865933579D-001  -0.823070749652282D-001  -0.823313703614348D-001
  -0.823553729003737D-001  -0.823790827129965D-001  -0.824024999259138D-001
  -0.824256246559005D-001  -0.824484570270344D-001  -0.824709971659260D-001
  -0.824932451793278D-001  -0.825152011919874D-001  -0.825368653225425D-001
  -0.825582376737395D-001  -0.825793183742388D-001  -0.826001075314628D-001
  -0.826206052567467D-001  -0.826408116648155D-001  -0.826607268615644D-001
  -0.826803509551794D-001  -0.826996840597160D-001  -0.827187262756289D-001
  -0.827374777192645D-001  -0.827559384884512D-001  -0.827741086959583D-001
  -0.827919884404714D-001  -0.828095778321335D-001  -0.828268769711576D-001
  -0.828438859660653D-001  -0.828606049117238D-001  -0.828770339202317D-001
  -0.828931730944289D-001  -0.829090225211160D-001  -0.829245823239422D-001
  -0.829398525880868D-001  -0.829548334261707D-001  -0.829695249349239D-001
  -0.829839272092133D-001  -0.829980403647149D-001  -0.830118644924770D-001
  -0.830253996973894D-001  -0.830386460778026D-001  -0.830516037421839D-001
  -0.830642727870214D-001  -0.830766533080394D-001  -0.830887454190514D-001
  -0.831005492185019D-001  -0.831120648018735D-001  -0.831232922814524D-001
  -0.831342317554412D-001  -0.831448833250046D-001  -0.831552470983677D-001
  -0.831653231794152D-001  -0.831751116683996D-001  -0.831846126761728D-001
  -0.831938263095264D-001  -0.832027526628444D-001  -0.832113918548034D-001
  -0.832197439915250D-001  -0.832278091724043D-001  -0.832355875140142D-001
  -0.832430791235745D-001  -0.832502841121245D-001  -0.832572025863078D-001
  -0.832638346595482D-001  -0.832701804519957D-001  -0.832762400647604D-001
  -0.832820136168934D-001  -0.832875012212420D-001  -0.832927029960000D-001
  -0.832976190594545D-001  -0.833022495222553D-001  -0.833065945146686D-001
  -0.833106541357937D-001  -0.833144285264415D-001  -0.833179177975971D-001
  -0.833211220755595D-001  -0.833240414838147D-001  -0.833266761470408D-001
  -0.833290261815144D-001  -0.833310917261843D-001  -0.833328729090643D-001
  -0.833343698540690D-001  -0.833355826888772D-001  -0.833365115491406D-001
  -0.833371565690774D-001  -0.833375178805202D-001  -0.833375956205006D-001
  -0.833373899233299D-001  -0.833369009290945D-001  -0.833361287748260D-001
  -0.833350736000341D-001  -0.833337355522014D-001  -0.833321147654917D-001
  -0.833302113959761D-001  -0.833280255835932D-001  -0.833255574715237D-001
  -0.833228072159327D-001  -0.833197749584733D-001  -0.833164608597452D-001
  -0.833128650702318D-001  -0.833089877433237D-001  -0.833048290377579D-001
  -0.833003891096449D-001  -0.832956681158590D-001  -0.832906662204294D-001
  -0.832853835860054D-001  -0.832798203727971D-001  -0.832739767532351D-001
  -0.832678528834693D-001  -0.832614489436613D-001  -0.832547650934448D-001
  -0.832478015151250D-001  -0.832405583818419D-001  -0.832330358548500D-001
  -0.832252341274282D-001  -0.832171533708537D-001  -0.832087937643224D-001
  -0.832001554911839D-001  -0.831912387353101D-001  -0.831820436871120D-001
  -0.831725705185762D-001  -0.831628194371974D-001  -0.831527906189681D-001
  -0.831424842648443D-001  -0.831319005652758D-001  -0.831210397173995D-001
  -0.831099019163417D-001  -0.830984873630036D-001  -0.830867962575230D-001
  -0.830748288065763D-001  -0.830625852128729D-001  -0.830500656758803D-001
  -0.830372704098584D-001  -0.830241996334080D-001  -0.830108535419362D-001
  -0.829972323591485D-001  -0.829833362987284D-001  -0.829691655779363D-001
  -0.829547204167527D-001  -0.829400010371144D-001  -0.829250076560402D-001
  -0.829097405045780D-001  -0.828941998070492D-001  -0.828783857953590D-001
  -0.828622986929170D-001  -0.828459387386897D-001  -0.828293061615268D-001
  -0.828124012015868D-001  -0.827952240937755D-001  -0.827777750818289D-001
  -0.827600544053286D-001  -0.827420623059065D-001  -0.827237990324035D-001
  -0.827052648301221D-001  -0.826864599511454D-001  -0.826673846392485D-001
  -0.826480391563889D-001  -0.826284237479632D-001  -0.826085386852813D-001
  -0.825883842107779D-001  -0.825679605974778D-001  -0.825472681060921D-001
  -0.825263069997164D-001  -0.825050775368639D-001  -0.824835799961866D-001
  -0.824618146463138D-001  -0.824397817575896D-001  -0.824174816057979D-001
  -0.823949144640029D-001  -0.823720806115660D-001  -0.823489803333820D-001
  -0.823256139015097D-001  -0.823019816098614D-001  -0.822780837403704D-001
  -0.822539205761628D-001  -0.822294924109091D-001  -0.822047995348901D-001
  -0.821798422452600D-001  -0.821546208352068D-001  -0.821291355990170D-001
  -0.821033868399007D-001  -0.820773748565795D-001  -0.820510999466755D-001
  -0.820245624263290D-001  -0.819977625975035D-001  -0.819707007646409D-001
  -0.819433772441620D-001  -0.819157923458552D-001  -0.818879463844659D-001
  -0.818598396769371D-001  -0.818314725414979D-001  -0.818028452991909D-001
  -0.817739582656190D-001  -0.817448117708419D-001  -0.817154061395734D-001
  -0.816857416992469D-001  -0.816558187793459D-001  -0.816256377090187D-001
  -0.815951988260022D-001  -0.815645024607305D-001  -0.815335489541830D-001
  -0.815023386407998D-001  -0.814708718648025D-001  -0.814391489681211D-001
  -0.814071702962630D-001  -0.813749361909169D-001  -0.813424470043160D-001
  -0.813097030841113D-001  -0.812767047865422D-001  -0.812434524613092D-001
  -0.812099464609266D-001  -0.811761871480247D-001  -0.811421748783598D-001
  -0.811079100170410D-001  -0.810733929191542D-001  -0.810386239542431D-001
  -0.810036034903235D-001  -0.809683318927852D-001  -0.809328095305949D-001
  -0.808970367766319D-001  -0.808610140058256D-001  -0.808247415888572D-001
  -0.807882199085747D-001  -0.807514493389016D-001  -0.807144302604878D-001
  -0.806771630586594D-001  -0.806396481153522D-001  -0.806018858168433D-001
  -0.805638765490744D-001  -0.805256207015649D-001  -0.804871186654548D-001
  -0.804483708342698D-001  -0.804093776028207D-001  -0.803701393659189D-001
  -0.803306565188980D-001  -0.802909294656800D-001  -0.802509586036482D-001
  -0.802107443384395D-001  -0.801702870706794D-001  -0.801295872112032D-001
  -0.800886451623510D-001  -0.800474613354806D-001  -0.800060361443341D-001
  -0.799643699992640D-001  -0.799224633145349D-001  -0.798803165049337D-001
  -0.798379299918798D-001  -0.797953041894897D-001  -0.797524395208980D-001
  -0.797093364093317D-001  -0.796659952776838D-001  -0.796224165497039D-001
  -0.795786006569667D-001  -0.795345480241733D-001  -0.794902590818929D-001
  -0.794457342662286D-001  -0.794009740005407D-001  -0.793559787303783D-001
  -0.793107488882127D-001  -0.792652849111914D-001  -0.792195872397040D-001
  -0.791736563110852D-001  -0.791274925732146D-001  -0.790810964636140D-001
  -0.790344684373175D-001  -0.789876089323692D-001  -0.789405183993142D-001
  -0.788931972895548D-001  -0.788456460553511D-001  -0.787978651471002D-001
  -0.787498550168203D-001  -0.787016161232558D-001  -0.786531489290633D-001
  -0.786044538806733D-001  -0.785555314448419D-001  -0.785063820860343D-001
  -0.784570062586929D-001  -0.784074044309533D-001  -0.783575770710453D-001
  -0.783075246387032D-001  -0.782572476093111D-001  -0.782067464470381D-001
  -0.781560216317031D-001  -0.781050736222223D-001  -0.780539029008930D-001
  -0.780025099392260D-001  -0.779508952177497D-001  -0.778990592089258D-001
  -0.778470023930410D-001  -0.777947252516681D-001  -0.777422282660447D-001
  -0.776895119140182D-001  -0.776365766832170D-001  -0.775834230613634D-001
  -0.775300515315967D-001  -0.774764625806336D-001  -0.774226567026809D-001
  -0.773686343780099D-001  -0.773143961079820D-001  -0.772599423792594D-001
  -0.772052736879506D-001  -0.771503905286366D-001  -0.770952933948926D-001
  -0.770399827842068D-001  -0.769844592015569D-001  -0.769287231384143D-001
  -0.768727750979877D-001  -0.768166155851069D-001  -0.767602450969638D-001
  -0.767036641447793D-001  -0.766468732282239D-001  -0.765898728525015D-001
  -0.765326635345537D-001  -0.764752457723754D-001  -0.764176200756990D-001
  -0.763597869625105D-001  -0.763017469407729D-001  -0.762435005220269D-001
  -0.761850482202916D-001  -0.761263905523060D-001  -0.760675280338039D-001
  -0.760084611801839D-001  -0.759491905096582D-001  -0.758897165424887D-001
  -0.758300397943550D-001  -0.757701607907174D-001  -0.757100800528823D-001
  -0.756497980995299D-001  -0.755893154626052D-001  -0.755286326555352D-001
  -0.754677502131720D-001  -0.754066686607738D-001  -0.753453885217359D-001
  -0.752839103249875D-001  -0.752222346057549D-001  -0.751603618892416D-001
  -0.750982927058500D-001  -0.750360275891308D-001  -0.749735670727285D-001
  -0.749109116888534D-001  -0.748480619740571D-001  -0.747850184642209D-001
  -0.747217816925998D-001  -0.746583521987458D-001  -0.745947305188213D-001
  -0.745309171906091D-001  -0.744669127578548D-001  -0.744027177577648D-001
  -0.743383327311230D-001  -0.742737582246756D-001  -0.742089947739534D-001
  -0.741440429239335D-001  -0.740789032258903D-001  -0.740135762141079D-001
  -0.739480624454878D-001  -0.738823624552651D-001  -0.738164767997645D-001
  -0.737504060225683D-001  -0.736841506720285D-001  -0.736177112993107D-001
  -0.735510884529539D-001  -0.734842826823546D-001  -0.734172945381953D-001
  -0.733501245782197D-001  -0.732827733505772D-001  -0.732152414089512D-001
  -0.731475293078821D-001  -0.730796375985202D-001  -0.730115668437533D-001
  -0.729433175933912D-001  -0.728748904031125D-001  -0.728062858318381D-001
  -0.727375044370547D-001  -0.726685467774416D-001  -0.725994134106729D-001
  -0.725301048940874D-001  -0.724606217944699D-001  -0.723909646616152D-001
  -0.723211340667427D-001  -0.722511305645107D-001  -0.721809547193581D-001
  -0.721106070958177D-001  -0.720400882480646D-001  -0.719693987524622D-001
  -0.718985391645652D-001  -0.718275100508081D-001  -0.717563119770489D-001
  -0.716849455021778D-001  -0.716134112026912D-001  -0.715417096388593D-001
  -0.714698413784414D-001  -0.713978069858073D-001  -0.713256070323876D-001
  -0.712532420819752D-001  -0.711807127116278D-001  -0.711080194810779D-001
  -0.710351629640867D-001  -0.709621437267775D-001  -0.708889623415711D-001
  -0.708156193821742D-001  -0.707421154115070D-001  -0.706684510084749D-001
  -0.705946267366139D-001  -0.705206431727251D-001  -0.704465008902192D-001
  -0.703722004598806D-001  -0.702977424545435D-001  -0.702231274428880D-001
  -0.701483560041392D-001  -0.700734287118408D-001  -0.699983461329973D-001
  -0.699231088529831D-001  -0.698477174347426D-001  -0.697721724630736D-001
  -0.696964745050197D-001  -0.696206241401262D-001  -0.695446219410638D-001
  -0.694684684914771D-001  -0.693921643545367D-001  -0.693157101167942D-001
  -0.692391063524874D-001  -0.691623536324636D-001  -0.690854525400715D-001
  -0.690084036522144D-001  -0.689312075407842D-001  -0.688538647890752D-001
  -0.687763759723151D-001  -0.686987416650614D-001  -0.686209624508891D-001
  -0.685430389037790D-001  -0.684649716052019D-001  -0.683867611285621D-001
  -0.683084080570449D-001  -0.682299129673904D-001  -0.681512764379600D-001
  -0.680724990484006D-001  -0.679935813772608D-001  -0.679145240008911D-001
  -0.678353275038956D-001  -0.677559924620483D-001  -0.676765194527442D-001
  -0.675969090605332D-001  -0.675171618614697D-001  -0.674372784321308D-001
  -0.673572593561544D-001  -0.672771052122608D-001  -0.671968165800275D-001
  -0.671163940395544D-001  -0.670358381678863D-001  -0.669551495472663D-001
  -0.668743287553549D-001  -0.667933763726262D-001  -0.667122929808404D-001
  -0.666310791556474D-001  -0.665497354817145D-001  -0.664682625313948D-001
  -0.663866608914990D-001  -0.663049311357600D-001  -0.662230738469280D-001
  -0.661410896043628D-001  -0.660589789875183D-001  -0.659767425716938D-001
  -0.658943809423987D-001  -0.658118946758837D-001  -0.657292843516412D-001
  -0.656465505457740D-001  -0.655636938434018D-001  -0.654807148140143D-001
  -0.653976140460672D-001  -0.653143921120094D-001  -0.652310495923761D-001
  -0.651475870650758D-001  -0.650640051096905D-001  -0.649803043026207D-001
  -0.648964852216163D-001  -0.648125484461003D-001  -0.647284945525344D-001
  -0.646443241190533D-001  -0.645600377230696D-001  -0.644756359416497D-001
  -0.643911193504263D-001  -0.643064885287243D-001  -0.642217440513800D-001
  -0.641368864948505D-001  -0.640519164367746D-001  -0.639668344517773D-001
  -0.638816411161569D-001  -0.637963370058138D-001  -0.637109226959777D-001
  -0.636253987625162D-001  -0.635397657793188D-001  -0.634540243214566D-001
  -0.633681749630585D-001  -0.632822182806905D-001  -0.631961548445777D-001
  -0.631099852317454D-001  -0.630237100139657D-001  -0.629373297648518D-001
  -0.628508450576710D-001  -0.627642564650203D-001  -0.626775645587740D-001
  -0.625907699122605D-001  -0.625038730958463D-001  -0.624168746814668D-001
  -0.623297752412555D-001  -0.622425753460796D-001  -0.621552755654243D-001
  -0.620678764694125D-001  -0.619803786302799D-001  -0.618927826155013D-001
  -0.618050889952082D-001  -0.617172983391862D-001  -0.616294112146990D-001
  -0.615414281909031D-001  -0.614533498355737D-001  -0.613651767157632D-001
  -0.612769094004696D-001  -0.611885484543691D-001  -0.611000944461550D-001
  -0.610115479407431D-001  -0.609229095039063D-001  -0.608341797012916D-001
  -0.607453590983672D-001  -0.606564482599315D-001  -0.605674477488568D-001
  -0.604783581306725D-001  -0.603891799676222D-001  -0.602999138226392D-001
  -0.602105602597340D-001  -0.601211198401754D-001  -0.600315931266857D-001
  -0.599419806789211D-001  -0.598522830597911D-001  -0.597625008283754D-001
  -0.596726345454792D-001  -0.595826847714051D-001  -0.594926520643101D-001
  -0.594025369834284D-001  -0.593123400865602D-001  -0.592220619321433D-001
  -0.591317030778930D-001  -0.590412640798708D-001  -0.589507454962511D-001
  -0.588601478809392D-001  -0.587694717905494D-001  -0.586787177807013D-001
  -0.585878864048172D-001  -0.584969782182121D-001  -0.584059937742756D-001
  -0.583149336246388D-001  -0.582237983238619D-001  -0.581325884233237D-001
  -0.580413044753757D-001  -0.579499470290205D-001  -0.578585166373928D-001
  -0.577670138490864D-001  -0.576754392145877D-001  -0.575837932829495D-001
  -0.574920766022823D-001  -0.574002897205180D-001  -0.573084331856822D-001
  -0.572165075446386D-001  -0.571245133440201D-001  -0.570324511288059D-001
  -0.569403214450524D-001  -0.568481248373817D-001  -0.567558618512737D-001
  -0.566635330284305D-001  -0.565711389134830D-001  -0.564786800490844D-001
  -0.563861569761817D-001  -0.562935702370711D-001  -0.562009203728868D-001
  -0.561082079230047D-001  -0.560154334279826D-001  -0.559225974273312D-001
  -0.558297004592318D-001  -0.557367430620749D-001  -0.556437257726492D-001
  -0.555506491280043D-001  -0.554575136650641D-001  -0.553643199195380D-001
  -0.552710684256491D-001  -0.551777597192941D-001  -0.550843943330837D-001
  -0.549909728007059D-001  -0.548974956552306D-001  -0.548039634289531D-001
  -0.547103766530590D-001  -0.546167358577394D-001  -0.545230415747541D-001
  -0.544292943332261D-001  -0.543354946619949D-001  -0.542416430887907D-001
  -0.541477401423684D-001  -0.540537863503210D-001  -0.539597822390271D-001
  -0.538657283326157D-001  -0.537716251589080D-001  -0.536774732411843D-001
  -0.535832731038017D-001  -0.534890252694116D-001  -0.533947302625583D-001
  -0.533003886039564D-001  -0.532060008152301D-001  -0.531115674180449D-001
  -0.530170889318164D-001  -0.529225658757818D-001  -0.528279987690518D-001
  -0.527333881307266D-001  -0.526387344777083D-001  -0.525440383269930D-001
  -0.524493001945818D-001  -0.523545205960781D-001  -0.522597000468543D-001
  -0.521648390608491D-001  -0.520699381517703D-001  -0.519749978327078D-001
  -0.518800186157050D-001  -0.517850010124068D-001  -0.516899455335160D-001
  -0.515948526908127D-001  -0.514997229909916D-001  -0.514045569456954D-001
  -0.513093550615862D-001  -0.512141178470624D-001  -0.511188458081051D-001
  -0.510235394517721D-001  -0.509281992839074D-001  -0.508328258070690D-001
  -0.507374195279995D-001  -0.506419809491720D-001  -0.505465105730489D-001
  -0.504510089022383D-001  -0.503554764375902D-001  -0.502599136797759D-001
  -0.501643211294562D-001  -0.500686992851461D-001  -0.499730486456217D-001
  -0.498773697097529D-001  -0.497816629731235D-001  -0.496859289344664D-001
  -0.495901680871568D-001  -0.494943809274989D-001  -0.493985679500390D-001
  -0.493027296481087D-001  -0.492068665145894D-001  -0.491109790421842D-001
  -0.490150677225494D-001  -0.489191330472673D-001  -0.488231755043102D-001
  -0.487271955850189D-001  -0.486311937778249D-001  -0.485351705706049D-001
  -0.484391264502932D-001  -0.483430619046815D-001  -0.482469774180039D-001
  -0.481508734773710D-001  -0.480547505668796D-001  -0.479586091694125D-001
  -0.478624497683855D-001  -0.477662728468161D-001  -0.476700788843840D-001
  -0.475738683652252D-001  -0.474776417676268D-001  -0.473813995714445D-001
  -0.472851422548282D-001  -0.471888702974968D-001  -0.470925841756112D-001
  -0.469962843659701D-001  -0.468999713441056D-001  -0.468036455871187D-001
  -0.467073075672973D-001  -0.466109577595858D-001  -0.465145966368988D-001
  -0.464182246714282D-001  -0.463218423349157D-001  -0.462254500994160D-001
  -0.461290484339705D-001  -0.460326378071175D-001  -0.459362186897804D-001
  -0.458397915488331D-001  -0.457433568519547D-001  -0.456469150648459D-001
  -0.455504666555406D-001  -0.454540120875310D-001  -0.453575518256065D-001
  -0.452610863341058D-001  -0.451646160761535D-001  -0.450681415123522D-001
  -0.449716631074369D-001  -0.448751813195293D-001  -0.447786966101202D-001
  -0.446822094385019D-001  -0.445857202634124D-001  -0.444892295426995D-001
  -0.443927377349116D-001  -0.442962452946522D-001  -0.441997526801127D-001
  -0.441032603454354D-001  -0.440067687445316D-001  -0.439102783316261D-001
  -0.438137895600015D-001  -0.437173028823853D-001  -0.436208187498516D-001
  -0.435243376136832D-001  -0.434278599240009D-001  -0.433313861314586D-001
  -0.432349166823365D-001  -0.431384520274235D-001  -0.430419926123186D-001
  -0.429455388850582D-001  -0.428490912908322D-001  -0.427526502754159D-001
  -0.426562162846261D-001  -0.425597897599580D-001  -0.424633711452393D-001
  -0.423669608841195D-001  -0.422705594182178D-001  -0.421741671886506D-001
  -0.420777846351007D-001  -0.419814121974594D-001  -0.418850503157639D-001
  -0.417886994279691D-001  -0.416923599715272D-001  -0.415960323837640D-001
  -0.414997170999231D-001  -0.414034145568692D-001  -0.413071251888926D-001
  -0.412108494308692D-001  -0.411145877153725D-001  -0.410183404768691D-001
  -0.409221081451801D-001  -0.408258911543108D-001  -0.407296899341647D-001
  -0.406335049137033D-001  -0.405373365249323D-001  -0.404411851935686D-001
  -0.403450513501730D-001  -0.402489354220205D-001  -0.401528378353916D-001
  -0.400567590156248D-001  -0.399606993893030D-001  -0.398646593799955D-001
  -0.397686394136566D-001  -0.396726399131222D-001  -0.395766613005579D-001
  -0.394807039981188D-001  -0.393847684285451D-001  -0.392888550106949D-001
  -0.391929641668994D-001  -0.390970963149445D-001  -0.390012518747477D-001
  -0.389054312644496D-001  -0.388096349012821D-001  -0.387138632028576D-001
  -0.386181165841804D-001  -0.385223954622581D-001  -0.384267002513379D-001
  -0.383310313658944D-001  -0.382353892209448D-001  -0.381397742273952D-001
  -0.380441867996579D-001  -0.379486273484161D-001  -0.378530962852776D-001
  -0.377575940208983D-001  -0.376621209650068D-001  -0.375666775274923D-001
  -0.374712641168584D-001  -0.373758811411153D-001  -0.372805290076270D-001
  -0.371852081239855D-001  -0.370899188951655D-001  -0.369946617284259D-001
  -0.368994370278648D-001  -0.368042451977742D-001  -0.367090866432273D-001
  -0.366139617658306D-001  -0.365188709695847D-001  -0.364238146557111D-001
  -0.363287932264416D-001  -0.362338070824451D-001  -0.361388566236738D-001
  -0.360439422498342D-001  -0.359490643608177D-001  -0.358542233544855D-001
  -0.357594196290026D-001  -0.356646535813107D-001  -0.355699256096146D-001
  -0.354752361087050D-001  -0.353805854751035D-001  -0.352859741036405D-001
  -0.351914023889920D-001  -0.350968707252647D-001  -0.350023795056710D-001
  -0.349079291229060D-001  -0.348135199701028D-001  -0.347191524389178D-001
  -0.346248269203424D-001  -0.345305438045601D-001  -0.344363034822295D-001
  -0.343421063431920D-001  -0.342479527767955D-001  -0.341538431711123D-001
  -0.340597779144515D-001  -0.339657573941706D-001  -0.338717819966477D-001
  -0.337778521096621D-001  -0.336839681185193D-001  -0.335901304083894D-001
  -0.334963393651955D-001  -0.334025953720570D-001  -0.333088988141060D-001
  -0.332152500738051D-001  -0.331216495346700D-001  -0.330280975789313D-001
  -0.329345945887173D-001  -0.328411409454675D-001  -0.327477370294557D-001
  -0.326543832228820D-001  -0.325610799039548D-001  -0.324678274528762D-001
  -0.323746262490400D-001  -0.322814766704209D-001  -0.321883790956795D-001
  -0.320953339026012D-001  -0.320023414678910D-001  -0.319094021685154D-001
  -0.318165163807518D-001  -0.317236844807755D-001  -0.316309068435530D-001
  -0.315381838440160D-001  -0.314455158573664D-001  -0.313529032566904D-001
  -0.312603464175017D-001  -0.311678457107261D-001  -0.310754015104903D-001
  -0.309830141888384D-001  -0.308906841179324D-001  -0.307984116697036D-001
  -0.307061972145354D-001  -0.306140411235924D-001  -0.305219437676461D-001
  -0.304299055156244D-001  -0.303379267381859D-001  -0.302460078038642D-001
  -0.301541490821264D-001  -0.300623509398561D-001  -0.299706137471285D-001
  -0.298789378700175D-001  -0.297873236765665D-001  -0.296957715335337D-001
  -0.296042818076425D-001  -0.295128548651562D-001  -0.294214910711911D-001
  -0.293301907924230D-001  -0.292389543928437D-001  -0.291477822382522D-001
  -0.290566746923222D-001  -0.289656321201626D-001  -0.288746548846037D-001
  -0.287837433491622D-001  -0.286928978777871D-001  -0.286021188324119D-001
  -0.285114065770256D-001  -0.284207614721412D-001  -0.283301838808520D-001
  -0.282396741641262D-001  -0.281492326838657D-001  -0.280588598003054D-001
  -0.279685558748428D-001  -0.278783212680248D-001  -0.277881563399288D-001
  -0.276980614498241D-001  -0.276080369585678D-001  -0.275180832244573D-001
  -0.274282006071487D-001  -0.273383894655233D-001  -0.272486501578407D-001
  -0.271589830430984D-001  -0.270693884786269D-001  -0.269798668229960D-001
  -0.268904184334568D-001  -0.268010436678458D-001  -0.267117428829862D-001
  -0.266225164362104D-001  -0.265333646836418D-001  -0.264442879828817D-001
  -0.263552866895922D-001  -0.262663611600545D-001  -0.261775117500804D-001
  -0.260887388158380D-001  -0.260000427130599D-001  -0.259114237963982D-001
  -0.258228824216255D-001  -0.257344189437392D-001  -0.256460337176591D-001
  -0.255577270986518D-001  -0.254694994400449D-001  -0.253813510973739D-001
  -0.252932824244311D-001  -0.252052937755844D-001  -0.251173855053626D-001
  -0.250295579664653D-001  -0.249418115133754D-001  -0.248541465000728D-001
  -0.247665632797204D-001  -0.246790622052834D-001  -0.245916436308140D-001
  -0.245043079093938D-001  -0.244170553939072D-001  -0.243298864377050D-001
  -0.242428013935494D-001  -0.241558006141675D-001  -0.240688844530583D-001
  -0.239820532622062D-001  -0.238953073943674D-001  -0.238086472028070D-001
  -0.237220730395384D-001  -0.236355852571606D-001  -0.235491842086955D-001
  -0.234628702458038D-001  -0.233766437218955D-001  -0.232905049885854D-001
  -0.232044543984218D-001  -0.231184923038752D-001  -0.230326190577199D-001
  -0.229468350115645D-001  -0.228611405186480D-001  -0.227755359310007D-001
  -0.226900216006511D-001  -0.226045978809866D-001  -0.225192651234459D-001
  -0.224340236812940D-001  -0.223488739068589D-001  -0.222638161528920D-001
  -0.221788507716420D-001  -0.220939781162820D-001  -0.220091985392439D-001
  -0.219245123932730D-001  -0.218399200321153D-001  -0.217554218080788D-001
  -0.216710180743627D-001  -0.215867091841213D-001  -0.215024954908992D-001
  -0.214183773480768D-001  -0.213343551090333D-001  -0.212504291271463D-001
  -0.211665997568372D-001  -0.210828673515139D-001  -0.209992322656281D-001
  -0.209156948530096D-001  -0.208322554682599D-001  -0.207489144653155D-001
  -0.206656721997435D-001  -0.205825290255111D-001  -0.204994852982922D-001
  -0.204165413726712D-001  -0.203336976045481D-001  -0.202509543490391D-001
  -0.201683119624657D-001  -0.200857708003657D-001  -0.200033312192442D-001
  -0.199209935752897D-001  -0.198387582256244D-001  -0.197566255261954D-001
  -0.196745958352006D-001  -0.195926695095528D-001  -0.195108469067406D-001
  -0.194291283852629D-001  -0.193475143025197D-001  -0.192660050173122D-001
  -0.191846008884309D-001  -0.191033022749795D-001  -0.190221095358552D-001
  -0.189410230314332D-001  -0.188600431210322D-001  -0.187791701652869D-001
  -0.186984045242864D-001  -0.186177465593925D-001  -0.185371966318889D-001
  -0.184567551030917D-001  -0.183764223351647D-001  -0.182961986904658D-001
  -0.182160845312658D-001  -0.181360802209218D-001  -0.180561861230950D-001
  -0.179764026017506D-001  -0.178967300201555D-001  -0.178171687437417D-001
  -0.177377191372764D-001  -0.176583815667660D-001  -0.175791563972039D-001
  -0.175000439954766D-001  -0.174210447283161D-001  -0.173421589626395D-001
  -0.172633870666791D-001  -0.171847294078501D-001  -0.171061863556561D-001
  -0.170277582781630D-001  -0.169494455456781D-001  -0.168712485282352D-001
  -0.167931675957474D-001  -0.167152031198680D-001  -0.166373554720534D-001
  -0.165596250247605D-001  -0.164820121501727D-001  -0.164045172215173D-001
  -0.163271406127500D-001  -0.162498826978251D-001  -0.161727438521653D-001
  -0.160957244508005D-001  -0.160188248698806D-001  -0.159420454859787D-001
  -0.158653866761676D-001  -0.157888488187163D-001  -0.157124322916968D-001
  -0.156361374737571D-001  -0.155599647452090D-001  -0.154839144862438D-001
  -0.154079870777049D-001  -0.153321829009784D-001  -0.152565023389186D-001
  -0.151809457739442D-001  -0.151055135898326D-001  -0.150302061710131D-001
  -0.149550239024150D-001  -0.148799671695436D-001  -0.148050363594151D-001
  -0.147302318582620D-001  -0.146555540547202D-001  -0.145810033368375D-001
  -0.145065800946737D-001  -0.144322847177433D-001  -0.143581175971818D-001
  -0.142840791244718D-001  -0.142101696922155D-001  -0.141363896935151D-001
  -0.140627395225925D-001  -0.139892195741694D-001  -0.139158302439346D-001
  -0.138425719280336D-001  -0.137694450241234D-001  -0.136964499302840D-001
  -0.136235870455961D-001  -0.135508567696831D-001  -0.134782595035937D-001
  -0.134057956488428D-001  -0.133334656075213D-001  -0.132612697838850D-001
  -0.131892085814919D-001  -0.131172824060646D-001  -0.130454916633579D-001
  -0.129738367609528D-001  -0.129023181064194D-001  -0.128309361091108D-001
  -0.127596911784887D-001  -0.126885837261891D-001  -0.126176141635654D-001
  -0.125467829038732D-001  -0.124760903605530D-001  -0.124055369491004D-001
  -0.123351230855107D-001  -0.122648491857348D-001  -0.121947156689003D-001
  -0.121247229535894D-001  -0.120548714601245D-001  -0.119851616095233D-001
  -0.119155938239236D-001  -0.118461685270506D-001  -0.117768861432821D-001
  -0.117077470981040D-001  -0.116387518181278D-001  -0.115699007312753D-001
  -0.115011942665336D-001  -0.114326328538898D-001  -0.113642169248431D-001
  -0.112959469116362D-001  -0.112278232478931D-001  -0.111598463685486D-001
  -0.110920167095638D-001  -0.110243347081018D-001  -0.109568008026957D-001
  -0.108894154329491D-001  -0.108221790399395D-001  -0.107550920656403D-001
  -0.106881549535698D-001  -0.106213681484581D-001  -0.105547320962967D-001
  -0.104882472444471D-001  -0.104219140413248D-001  -0.103557329370480D-001
  -0.102897043826686D-001  -0.102238288309142D-001  -0.101581067356802D-001
  -0.100925385522762D-001  -0.100271247373158D-001  -0.996186574882651D-002
  -0.989676204624356D-002  -0.983181409051970D-002  -0.976702234386258D-002
  -0.970238726989904D-002  -0.963790933379434D-002  -0.957358900207853D-002
  -0.950942674282535D-002  -0.944542302547849D-002  -0.938157832106408D-002
  -0.931789310217907D-002  -0.925436784258329D-002  -0.919100301793488D-002
  -0.912779910512494D-002  -0.906475658288327D-002  -0.900187593127616D-002
  -0.893915763188114D-002  -0.887660216814690D-002  -0.881421002478223D-002
  -0.875198168826871D-002  -0.868991764667554D-002  -0.862801838962601D-002
  -0.856628440840217D-002  -0.850471619617291D-002  -0.844331424731802D-002
  -0.838207905824644D-002  -0.832101112696516D-002  -0.826011095298608D-002
  -0.819937903774666D-002  -0.813881588441839D-002  -0.807842199764529D-002
  -0.801819788420928D-002  -0.795814405221724D-002  -0.789826101191922D-002
  -0.783854927502099D-002  -0.777900935541541D-002  -0.771964176830359D-002
  -0.766044703118251D-002  -0.760142566301010D-002  -0.754257818483308D-002
  -0.748390511939867D-002  -0.742540699143928D-002  -0.736708432758978D-002
  -0.730893765614795D-002  -0.725096750759236D-002  -0.719317441414608D-002
  -0.713555891010936D-002  -0.707812153165778D-002  -0.702086281682018D-002
  -0.696378330572982D-002  -0.690688354049881D-002  -0.685016406519614D-002
  -0.679362542592929D-002  -0.673726817086095D-002  -0.668109285011071D-002
  -0.662510001589100D-002  -0.656929022247998D-002  -0.651366402631457D-002
  -0.645822198572266D-002  -0.640296466140855D-002  -0.634789261598945D-002
  -0.629300641432393D-002  -0.623830662330848D-002  -0.618379381214632D-002
  -0.612946855212445D-002  -0.607533141674252D-002  -0.602138298171378D-002
  -0.596762382492262D-002  -0.591405452663692D-002  -0.586067566909282D-002
  -0.580748783708564D-002  -0.575449161749632D-002  -0.570168759955447D-002
  -0.564907637489705D-002  -0.559665853717177D-002  -0.554443468273621D-002
  -0.549240541007756D-002  -0.544057132009894D-002  -0.538893301599812D-002
  -0.533749110358066D-002  -0.528624619073442D-002  -0.523519888817601D-002
  -0.518434980862366D-002  -0.513369956753698D-002  -0.508324878283493D-002
  -0.503299807478216D-002  -0.498294806617235D-002  -0.493309938241071D-002
  -0.488345265129400D-002  -0.483400850323910D-002  -0.478476757129975D-002
  -0.473573049086965D-002  -0.468689790018598D-002  -0.463827043994284D-002
  -0.458984875344533D-002  -0.454163348675281D-002  -0.449362528844453D-002
  -0.444582480984675D-002  -0.439823270494738D-002  -0.435084963038353D-002
  -0.430367624561906D-002  -0.425671321267011D-002  -0.420996119654090D-002
  -0.416342086484761D-002  -0.411709288789471D-002  -0.407097793900716D-002
  -0.402507669412764D-002  -0.397938983217962D-002  -0.393391803477398D-002
  -0.388866198655587D-002  -0.384362237486303D-002  -0.379879989007513D-002
  -0.375419522540044D-002  -0.370980907702378D-002  -0.366564214403250D-002
  -0.362169512848287D-002  -0.357796873546635D-002  -0.353446367298893D-002
  -0.349118065206885D-002  -0.344812038686841D-002  -0.340528359443049D-002
  -0.336267099499636D-002  -0.332028331179335D-002  -0.327812127126677D-002
  -0.323618560279785D-002  -0.319447703910651D-002  -0.315299631587581D-002
  -0.311174417210124D-002  -0.307072134987314D-002  -0.302992859452887D-002
  -0.298936665460612D-002  -0.294903628191251D-002  -0.290893823150700D-002
  -0.286907326164977D-002  -0.282944213402655D-002  -0.279004561351663D-002
  -0.275088446839093D-002  -0.271195947030435D-002  -0.267327139417170D-002
  -0.263482101836575D-002  -0.259660912463224D-002  -0.255863649822166D-002
  -0.252090392773119D-002  -0.248341220521597D-002  -0.244616212628785D-002
  -0.240915448997078D-002  -0.237239009889982D-002  -0.233586975916555D-002
  -0.229959428046965D-002  -0.226356447601273D-002  -0.222778116266092D-002
  -0.219224516086515D-002  -0.215695729475044D-002  -0.212191839197987D-002
  -0.208712928405807D-002  -0.205259080605158D-002  -0.201830379671725D-002
  -0.198426909869685D-002  -0.195048755821795D-002  -0.191696002535395D-002
  -0.188368735399018D-002  -0.185067040179244D-002  -0.181791003023081D-002
  -0.178540710466892D-002  -0.175316249434868D-002  -0.172117707234011D-002
  -0.168945171569268D-002  -0.165798730534700D-002  -0.162678472623499D-002
  -0.159584486724177D-002  -0.156516862125235D-002  -0.153475688512114D-002
  -0.150461055982317D-002  -0.147473055033008D-002  -0.144511776576560D-002
  -0.141577311920854D-002  -0.138669752803343D-002  -0.135789191362428D-002
  -0.132935720159974D-002  -0.130109432175267D-002  -0.127310420804856D-002
  -0.124538779874512D-002  -0.121794603630080D-002  -0.119077986745915D-002
  -0.116389024326293D-002  -0.113727811907746D-002  -0.111094445459976D-002
  -0.108489021388414D-002  -0.105911636536885D-002  -0.103362388191302D-002
  -0.100841374077749D-002  -0.983486923714172D-003  -0.958844416896147D-003
  -0.934487211046258D-003  -0.910416301363969D-003  -0.886632687615228D-003
  -0.863137374126925D-003  -0.839931369799336D-003  -0.817015688164396D-003
  -0.794391347378476D-003  -0.772059370264337D-003  -0.750020784301703D-003
  -0.728276621698619D-003  -0.706827919390962D-003  -0.685675719057318D-003
  -0.664821067149376D-003  -0.644265014933783D-003  -0.624008618486494D-003
  -0.604052938740355D-003  -0.584399041496303D-003  -0.565047997448704D-003
  -0.546000882223095D-003  -0.527258776373265D-003  -0.508822765434221D-003
  -0.490693939937165D-003  -0.472873395426094D-003  -0.455362232494209D-003
  -0.438161556792541D-003  -0.421272479080342D-003  -0.404696115230326D-003
  -0.388433586252906D-003  -0.372486018336512D-003  -0.356854542857558D-003
  -0.341540296420759D-003  -0.326544420866046D-003  -0.311868063316948D-003
  -0.297512376186739D-003  -0.283478517211364D-003  -0.269767649480828D-003
  -0.256380941456896D-003  -0.243319567005681D-003  -0.230584705420874D-003
  -0.218177541446124D-003  -0.206099265313821D-003  -0.194351072754737D-003
  -0.182934165041819D-003  -0.171849749007560D-003  -0.161099037063743D-003
  -0.150683247248395D-003  -0.140603603234987D-003  -0.130861334373740D-003
  -0.121457675700038D-003  -0.112393867983474D-003  -0.103671157739095D-003
  -0.952907972659358D-004  -0.872540446650675D-004  -0.795621638774336D-004
  -0.722164247039118D-004  -0.652181028368088D-004  -0.585684798892494D-004
  -0.522688434197824D-004  -0.463204869641377D-004  -0.407247100626094D-004
  -0.354828182882715D-004  -0.305961232760178D-004  -0.260659427512204D-004
  -0.218936005600103D-004  -0.180804266962281D-004  -0.146277573326060D-004
  -0.115369348480330D-004  -0.880930785908606D-005  -0.644623124849974D-005
  -0.444906619470657D-005  -0.281918020187978D-005  -0.155794712987309D-005
  -0.666747223814984D-006  -0.146967144880042D-006  -0.385124973175929D-017

