         500    0.00000000000000         4.70000         105.26316
   1       0
    107.935572363532         106.216214303563         104.520870692537
    102.849152560968         101.200690362224         99.5751250060852
    97.9720902801191         96.3912555764052         94.8322824932164
    93.2948589661734         91.7786386635792         90.2833354195277
    88.8086540358843         87.3542813795890         85.9199377789937
    84.5053595252433         83.1102641556104         81.7343760378988
    80.3774519551969         79.0392378045107         77.7194855873463
    76.4179531827885         75.1343955173400         73.8685953571240
    72.6203217629577         71.3893557317897         70.1754770856373
    68.9784763438365         67.7981485196905         66.6342895002364
    65.4866958837256         64.3551785998093         63.2395403635913
    62.1395927537998         61.0551552092600         59.9860411132344
    58.9320714428665         57.8930694755053         56.8688684202889
    55.8592914932291         54.8641724774858         53.8833470038278
    52.9166498665287         51.9639226769441         51.0250060198830
    50.0997428101446         49.1879756238084         48.2895595368005
    47.4043422390136         46.5321691286968         45.6729004676753
    44.8263863384607         43.9924846681053         43.1710516939347
    42.3619496581920         41.5650390030438         40.7801774577893
    40.0072346319806         39.2460738834405         38.4965600262161
    37.7585618732762         37.0319478920771         36.3165878901887
    35.6123521205386         34.9191129709327         34.2367432119624
    33.5651159682528         32.9041115818763         32.2536020850473
    31.6134632342450         30.9835770721404         30.3638207109465
    29.7540732036882         29.1542181100654         28.5641348678117
    27.9837056673283         27.4128162990538         26.8513518339582
    26.2991940276820         25.7562342287979         25.2223535592040
    24.6974427139912         24.1813881723654         23.6740816640807
    23.1754132720728         22.6852697032620         22.2035506466025
    21.7301437913040         21.2649411858626         20.8078375111157
    20.3587292149436         19.9175110637976         19.4840795844637
    19.0583339227558         18.6401672278784         18.2294821531433
    17.8261779350491         17.4301538362853         17.0413117282355
    16.6595526441125         16.2847785004654         15.9168938183152
    15.5558031384299         15.2014110202806         14.8536203185372
    14.5123425173302         14.1774813655466         13.8489483785438
    13.5266490572500         13.2104923612987         12.9003898464832
    12.5962548029315         12.2979970866003         12.0055291469687
    11.7187651648095         11.4376201894912         11.1620075544035
    10.8918457653393         10.6270490256158         10.3675358464677
    10.1132247400532         9.86403335552407         9.61988278422237
    9.38069325085606         9.14638669543638         8.91688418734846
    8.69210997057524         8.47198758584400         8.25644055711703
    8.04539462748435         7.83877680958945         7.63651297063775
    7.43853179130650         7.24476011148989         7.05512895556879
    6.86956706969348         6.68800642971912         6.51037681208219
    6.33661164574151         6.16664473562968         6.00040844964415
    5.83783879610699         5.67886990673148         5.52343902747560
    5.37148177731514         5.22293731038108         5.07774228259066
    4.93583696143935         4.79716160382539         4.66165541640059
    4.52926137467347         4.39991992904051         4.27357545950895
    4.15016981026441         4.02964874341465         3.91195599080195
    3.79703841510070         3.68484100910162         3.57531162629239
    3.46839851162768         3.36404900348029         3.26221332545339
    3.16284036876228         3.06588148377003         2.97128701388684
    2.87900966637843         2.78900113823827         2.70121500312174
    2.61560551245821         2.53212632840500         2.45073341465539
    2.37138174822533         2.29402847365467         2.21862995075934
    2.14514447795920         2.07352983109707         2.00374515977146
    1.93575002467050         1.86950439082724         1.80496930973768
    1.74210562059056         1.68087566596488         1.62124147656594
    1.56316674496482         1.50661457971159         1.45154956565571
    1.39793620660080         1.34573986619376         1.29492684703267
    1.24546317848250         1.19731607363231         1.15045306188917
    1.10484215405544         1.06045209439734         1.01725183705876
   0.975211056431902        0.934300054175311        0.894489580858383
   0.855750742795178        0.818055168412645        0.781375001452077
   0.745683153145104        0.710952692914132        0.677157272778715
   0.644271034898428        0.612268691708803        0.581125261025233
   0.550816146377874        0.521317647640527        0.492606007514455
   0.464658353068254        0.437452000796317        0.410964709118715
   0.385174758707916        0.360061032944820        0.335602409155373
   0.311778614500471        0.288569875589194        0.265959496908995
   0.243933596941617        0.222478088332862        0.201579706058666
   0.181224882416174        0.161401119962714        0.142095608182248
   0.123295907410605        0.104990288240275        0.871665208801250D-001
   0.698135063808300D-001   0.529197217079470D-001   0.364743343586780D-001
   0.204665088232130D-001   0.488583219633104D-002  -0.102780346088540D-001
  -0.250349311753260D-001  -0.393946325480450D-001  -0.533666813418740D-001
  -0.669605647364280D-001  -0.801852016478900D-001  -0.930492058533820D-001
  -0.105561664882255       -0.117730852696918       -0.129564836415292
  -0.141071825091286       -0.152259398260378       -0.163135457681634
  -0.173707283408532       -0.183982054730657       -0.193967025907302
  -0.203669013250440       -0.213094571072575       -0.222250598047397
  -0.231143048906586       -0.239778488220436       -0.248162543591554
  -0.256301459129574       -0.264200807074933       -0.271866266097389
  -0.279303107747617       -0.286516544224060       -0.293512161973425
  -0.300294374508804       -0.306868578718071       -0.313239176719520
  -0.319410698488441       -0.325387890848642       -0.331174859018587
  -0.336775930598647       -0.342195399928966       -0.347437013970245
  -0.352504491716141       -0.357402043445998       -0.362132995305573
  -0.366700997504356       -0.371109509973630       -0.375361718687700
  -0.379461140807084       -0.383410679684923       -0.387213402164681
  -0.390872368602490       -0.394390376631684       -0.397770393942357
  -0.401014785219953       -0.404126433844912       -0.407107796512183
  -0.409961249713973       -0.412689005518287       -0.415293630276612
  -0.417777357400022       -0.420142175365492       -0.422390087859252
  -0.424523373883624       -0.426543728228915       -0.428453124432356
  -0.430253385745878       -0.431946100662524       -0.433533141200717
  -0.435015975526380       -0.436396272236451       -0.437675557435143
  -0.438855129999860       -0.439936579771824       -0.440921272186649
  -0.441810177405940       -0.442604905130059       -0.443306414009080
  -0.443916218704454       -0.444435013083185       -0.444863963406397
  -0.445204192633486       -0.445456609467197       -0.445622167789203
  -0.445701781675569       -0.445696326498193       -0.445606553852484
  -0.445433178695732       -0.445177224920063       -0.444839165056097
  -0.444419610270536       -0.443919483531621       -0.443339245443047
  -0.442679411879882       -0.441940727132266       -0.441123475769760
  -0.440228516989917       -0.439255907417516       -0.438206279931755
  -0.437080069319793       -0.435877771401817       -0.434599254819644
  -0.433245570353827       -0.431816626241828       -0.430312825315603
  -0.428734462737156       -0.427081382182789       -0.425354612891341
  -0.423553786463879       -0.421679290693842       -0.419731236617036
  -0.417709889680217       -0.415615239774073       -0.413447518447936
  -0.411206768869736       -0.408893276986428       -0.406507055225112
  -0.404047843045951       -0.401516140919651       -0.398911746638750
  -0.396234789322407       -0.393485040814857       -0.390662777422392
  -0.387768005158230       -0.384800460216356       -0.381760384420875
  -0.378647492189493       -0.375461832107579       -0.372203442828070
  -0.368872095035584       -0.365467636321450       -0.361990077608353
  -0.358439421272434       -0.354815403025594       -0.351118181320937
  -0.347347131810189       -0.343502656314932       -0.339584116091195
  -0.335591899119135       -0.331580129002727       -0.327603870449524
  -0.323663320431327       -0.319758067255082       -0.315888296592662
  -0.312053844321199       -0.308254799635889       -0.304490902366121
  -0.300762318338320       -0.297068606047321       -0.293410181035769
  -0.289786593492334       -0.286197820400752       -0.282644007313851
  -0.279124865605859       -0.275640447842363       -0.272190372773479
  -0.268774945109302       -0.265393777677918       -0.262046911240723
  -0.258734125534440       -0.255455370159322       -0.252210592355685
  -0.248999564928798       -0.245822316990926       -0.242678531216991
  -0.239568405178944       -0.236491445734158       -0.233447933244025
  -0.230437371426492       -0.227459693215416       -0.224515002465327
  -0.221603143432539       -0.218723786969935       -0.215876861266930
  -0.213062551896121       -0.210280096182630       -0.207530022463640
  -0.204811824878871       -0.202125599721297       -0.199470753699896
  -0.196847640326887       -0.194255923639704       -0.191695439505087
  -0.189166281769856       -0.186668113361483       -0.184200855291218
  -0.181764256117674       -0.179358408718459       -0.176982975227224
  -0.174637876050829       -0.172323031574315       -0.170038189911343
  -0.167783400647010       -0.165558325861837       -0.163363023927838
  -0.161197174378075       -0.159060801414876       -0.156953610755883
  -0.154875549493644       -0.152826521890326       -0.150806492752316
  -0.148815048223543       -0.146852179544201       -0.144917800752917
  -0.143011886537266       -0.141134041571590       -0.139284275728654
  -0.137462401156659       -0.135668350992297       -0.133902101834256
  -0.132163268994160       -0.130451855780158       -0.128767710907424
  -0.127110847190497       -0.125480873117262       -0.123877828257194
  -0.122301528733396       -0.120751851429922       -0.119228820133084
  -0.117732071539474       -0.116261570105703       -0.114817203284448
  -0.113398945124583       -0.112006477346663       -0.110639766376678
  -0.109298693015079       -0.107983224659341       -0.106693062222895
  -0.105428165482913       -0.104188425789939       -0.102973709147103
  -0.101783976772880       -0.100618966434979       -0.994786058489911D-001
  -0.983627973582074D-001  -0.972714782207942D-001  -0.962044225092175D-001
  -0.951615425554477D-001  -0.941427511279262D-001  -0.931479011581224D-001
  -0.921769665816947D-001  -0.912296978335255D-001  -0.903060352490868D-001
  -0.894058679035432D-001  -0.885291369494684D-001  -0.876756203117908D-001
  -0.868452521768748D-001  -0.860379266513377D-001  -0.852535227125445D-001
  -0.844919748229854D-001  -0.837530808708734D-001  -0.830367777609395D-001
  -0.823429476173972D-001  -0.816715142424281D-001  -0.810223018667495D-001
  -0.803952306253376D-001  -0.797901908353524D-001  -0.792070731048873D-001
  -0.786457907415126D-001  -0.781061841124205D-001  -0.775881696667382D-001
  -0.770916391398033D-001  -0.766164974452079D-001  -0.761626040070515D-001
  -0.757298677639845D-001  -0.753181810852448D-001  -0.749274353676715D-001
  -0.745575299578907D-001  -0.742083416894163D-001  -0.738797719509143D-001
  -0.735717135240072D-001  -0.732840600580098D-001

