        3000   1.3670000000         5.269000         768.8365
   1       0
    9.36189004383741         9.37632012576961         9.39047326747327
    9.40435112031528         9.41795544524379         9.43128811267644
    9.44435062351309         9.45714482790084         9.46967244616304
    9.48193518868655         9.49393451688458         9.50567236080565
    9.51715028205422         9.52836995223642         9.53933291403702
    9.55004093959378         9.56049555287723         9.57069838803461
    9.58065118924898         9.59035533382715         9.59981254784245
    9.60902430998983         9.61799220933512         9.62671794515049
    9.63520296982577         9.64344872724005         9.65145689067655
    9.65922900586253         9.66676649124023         9.67407087582083
    9.68114368031537         9.68798641719935         9.69460047207823
    9.70098745991434         9.70714875026936         9.71308594199572
    9.71880027033682         9.72429331845991         9.72956654312909
    9.73462127503208         9.73945907405122         9.74408125569356
    9.74848912810430         9.75268434683356         9.75666808690683
    9.76044175263923         9.76400685916680         9.76736467810335
    9.77051659206100         9.77346397654758         9.77620808203577
    9.77875038801281         9.78109213107630         9.78323477677595
    9.78517943025777         9.78692754348417         9.78848032606353
    9.78983933412760         9.79100552865510         9.79198033492046
    9.79276517150158         9.79336109776793         9.79376951943119
    9.79399160075280         9.79402873461675         9.79388207275393
    9.79355276080662         9.79304229019172         9.79235167693002
    9.79148216563013         9.79043511199938         9.78921163132560
    9.78781295017478         9.78624028915601         9.78449474601337
    9.78257764671934         9.78049007740954         9.77823323552936
    9.77580831278892         9.77321649519600         9.77045884637947
    9.76753665795268         9.76445098244808         9.76120298363052
    9.75779381983015         9.75422464389425         9.75049660324980
    9.74661072347812         9.74256814141037         9.73837010495853
    9.73401750752634         9.72951158658581         9.72485345791385
    9.72004411593467         9.71508466621919         9.70997632549741
    9.70471995679982         9.69931676675408         9.69376784076066
    9.68807414323728         9.68223686573240         9.67625684698542
    9.67013538464598         9.66387330788929         9.65747178875192
    9.65093176281633         9.64425439246675         9.63744060385923
    9.63049131859465         9.62340768494036         9.61619073083635
    9.60884147952492         9.60136071876972         9.59374969377176
    9.58600929870411         9.57814042336383         9.57014418388058
    9.56202146115761         9.55377336230299         9.54540075949405
    9.53690452058843         9.52828585467310         9.51954539070034
    9.51068444408327         9.50170363538330         9.49260415624235
    9.48338684889849         9.47405255153423         9.46460232800688
    9.45503700814823         9.44535764739119         9.43556506731675
    9.42566008564080         9.41564374537611         9.40551697066506
    9.39528068160173         9.38493556523513         9.37448276276353
    9.36392295334002         9.35325727006261         9.34248626991849
    9.33161119235587         9.32063258673233         9.30955157017415
    9.29836879880153         9.28708526764894         9.27570185362448
    9.26421931570703         9.25263852325885         9.24096045583118
    9.22918574716264         9.21731536927820         9.20535017641912
    9.19329090524932         9.18113840266480         9.16889351185404
    9.15655718603091         9.14413003354601         9.13161288667726
    9.11900668765334         9.10631214781102         9.09353008853474
    9.08066132760788         9.06770667923092         9.05466684063049
    9.04154273236312         9.02833504462573         9.01504457753321
    9.00167212768184         8.98821837496568         8.97468433542358
    8.96107045570518         8.94737774486294         8.93360686907093
    8.91975849121088         8.90583360980090         8.89183276791437
    8.87775673133613         8.86360637528110         8.84938223302031
    8.83508528584709         8.82071606047320         8.80627541865347
    8.79176399334533         8.77718252697166         8.76253175863349
    8.74781253666209         8.73302525603133         8.71817098354116
    8.70325022025467         8.68826368903250         8.67321210948670
    8.65809619800287         8.64291666772907         8.62767411642186
    8.61236925094853         8.59700288711102         8.58157561321097
    8.56608812655674         8.55054100933458         8.53493506464104
    8.51927086841589         8.50354921741813         8.48777056958251
    8.47193571545404         8.45604544232774         8.44010008735201
    8.42410054346920         8.40804736531504         8.39194121620657
    8.37578275642592         8.35957264318139         8.34331141916167
    8.32699984708275         8.31063846366562         8.29422791413523
    8.27776872939541         8.26126177135058         8.24470745364235
    8.22810640963551         8.21145926975234         8.19476677253074
    8.17802932019068         8.16124764541125         8.14442236680447
    8.12755387810418         8.11064301413359         8.09369027383480
    8.07669626424100         8.05966158949187         8.04258674006470
    8.02547231443906         8.00831901889124         7.99112733540031
    7.97389774321531         7.95663094004658         7.93932751004653
    7.92198792408081         7.90461276073620         7.88720259580752
    7.86975800227039         7.85227955027515         7.83476769690651
    7.81722311708204         7.79964626236861         7.78203758170471
    7.76439785180054         7.74672740593485         7.72902690506594
    7.71129678725023         7.69353759790085         7.67574987971383
    7.65793417264331         7.64009101390747         7.62222082820947
    7.60432425722016         7.58640172032026         7.56845363432036
    7.55048074245448         7.53248334653084         7.51446207467760
    7.49641733316439         7.47834963522053         7.46025949142322
    7.44214740970760         7.42401389535250         7.40585934167016
    7.38768435808510         7.36948922349622         7.35127465131569
    7.33304091537575         7.31478861458241         7.29651823601634
    7.27823015510384         7.25992485385659         7.24160281171468
    7.22326450553567         7.20491030073351         7.18654077800189
    7.16815640650463         7.14975743537921         7.13134454636648
    7.11291798369249         7.09447831524227         7.07602588905623
    7.05756126792261         7.03908479492252         7.02059681080773
    7.00209797928966         6.98358852770037         6.96506900625285
    6.94653974590791         6.92800118359603         6.90945375378623
    6.89089788846329         6.87233401719436         6.85376245896185
    6.83518363856306         6.81659808637347         6.79800600622232
    6.77940803165960         6.76080436182141         6.74219540952001
    6.72358169298445         6.70496351235207         6.68634116546382
    6.66771527114284         6.64908601476175         6.63045390261067
    6.61181922320440         6.59318237047647         6.57454373596090
    6.55590370886539         6.53726256865291         6.51862080738123
    6.49997880724862         6.48133673353722         6.46269507136791
    6.44405419612761         6.42541448093219         6.40677618943172
    6.38813979741935         6.36950556404306         6.35087374636251
    6.33224481333273         6.31361912453029         6.29499703725573
    6.27637879971867         6.25776465800250         6.23915517654742
    6.22055059698245         6.20195115881263         6.18335731290315
    6.16476918781613         6.14618733662361         6.12761199019545
    6.10904348391526         6.09048215096596         6.07192810947314
    6.05338190131230         6.03484385316280         6.01631407691521
    5.99779300144209         5.97928084083695         5.96077801964274
    5.94228474776200         5.92380144538842         5.90532821219435
    5.88686546416898         5.86841350904427         5.84997254648931
    5.83154288018736         5.81312491757014         5.79471874634318
    5.77632476984374         5.75794328343108         5.73957447467577
    5.72121874064022         5.70287615921721         5.68454722902747
    5.66623202404114         5.64793093315826         5.62964413205297
    5.61137200549510         5.59311461983864         5.57487246123041
    5.55664559222235         5.53843438950556         5.52023901716925
    5.50205984792254         5.48389704196804         5.46575075773934
    5.44762146712816         5.42950921956619         5.41141427287670
    5.39333698793349         5.37527740872172         5.35723599717107
    5.33921279361205         5.32120815118045         5.30322231620001
    5.28525542837367         5.26730762570010         5.24937935831510
    5.23147065584101         5.21358185995079         5.19571320586127
    5.17786471791588         5.16003683669621         5.14222968743630
    5.12444339368069         5.10667828598595         5.08893448431845
    5.07121231550069         5.05351189596507         5.03583334053422
    5.01817707471326         5.00054310564004         4.98293164700263
    4.96534291076794         4.94777721106582         4.93023465228202
    4.91271533722137         4.89521957472607         4.87774746420035
    4.86029920719623         4.84287510728918         4.82547515508274
    4.80809975441910         4.79074878905320         4.77342265934411
    4.75612155660331         4.73884546348492         4.72159477503934
    4.70436947074307         4.68716973541866         4.66999585557178
    4.65284801260416         4.63572617979172         4.61863063869699
    4.60156156591909         4.58451913644292         4.56750331746462
    4.55051459010552         4.53355281535573         4.51661826498549
    4.49971110605276         4.48283140116012         4.46597941716170
    4.44915511080572         4.43235884860427         4.41559068706063
    4.39885078392632         4.38213919280167         4.36545617109916
    4.34880166683194         4.33217603694914         4.31557932904499
    4.29901158942794         4.28247306781587         4.26596380756527
    4.24948405533980         4.23303374931447         4.21661323548130
    4.20022244920109         4.18386163120469         4.16753081635758
    4.15123014031054         4.13495973725412         4.11871984195877
    4.10251038169608         4.08633148652467         4.07018338690301
    4.05406610807896         4.03797977584105         4.02192451454474
    4.00590034550547         3.98990759378342         3.97394607457578
    3.95801611018012         3.94211771651223         3.92625090831599
    3.91041600354586         3.89461291276059         3.87884174828473
    3.86310262111701         3.84739574222679         3.83172101729206
    3.81607865470052         3.80046865896388         3.78489123579176
    3.76934638716977         3.75383431616799         3.73835492124382
    3.72290830190111         3.70749465737740         3.69211408451850
    3.67676657803895         3.66145223246319         3.64617104019835
    3.63092319414609         3.61570878502849         3.60052780176737
    3.58538043341728         3.57026656588238         3.55518638591050
    3.54013997829963         3.52512742669477         3.51014871312347
    3.49520391895458         3.48029302403755         3.46541630823382
    3.45057374897203         3.43576532279507         3.42099110537128
    3.40625127145882         3.39154569407802         3.37687464585922
    3.36223799772246         3.34763581989858         3.33306828137032
    3.31853535005332         3.30403709285573         3.28957357550077
    3.27514486266854         3.26075091822267         3.24639190449860
    3.23206768362612         3.21777851549108         3.20352426024708
    3.18930507597234         3.17512102002780         3.16097204928963
    3.14685821911998         3.13277958393242         3.11873619710911
    3.10472811096279         3.09075527759557         3.07681774744583
    3.06291566917987         3.04904899198797         3.03521766425483
    3.02142183169429         3.00766153984497         2.99393673424461
    2.98024745867571         2.96659375586250         2.95297566765966
    2.93939313610879         2.92584630007003         2.91233519856015
    2.89885967220657         2.88541995580864         2.87201588830635
    2.85864760389997         2.84531513712757         2.83201832463419
    2.81875739638483         2.80553228578764         2.79234302400141
    2.77918954291051         2.76607197031160         2.75299023645915
    2.73994446734498         2.72693449338683         2.71396043892369
    2.70102232920329         2.68812009053737         2.67525384465722
    2.66242341831646         2.64962902954656         2.63687060157138
    2.62414805693297         2.61146141534850         2.59881079356542
    2.58619611183583         2.57361738751723         2.56107463719466
    2.54856777902817         2.53609692574978         2.52366209161054
    2.51126309508993         2.49890004663500         2.48657295838737
    2.47428184169744         2.46202660982701         2.44980737009947
    2.43762403444300         2.42547651414197         2.41336501156668
    2.40128933938898         2.38924950418935         2.37724560882477
    2.36527756131559         2.35334536608452         2.34144902688757
    2.32958844987402         2.31776373443367         2.30597478544807
    2.29422160409148         2.28250419084541         2.27082254557794
    2.25917666747527         2.24756645842783         2.23599191645410
    2.22445313552219         2.21294991919922         2.20148236018686
    2.19005045398685         2.17865409909285         2.16729338619021
    2.15596811631121         2.14467847531354         2.13342426314432
    2.12220556805994         2.11102238145948         2.09987450184856
    2.08876211187341         2.07768510508441         2.06664347064736
    2.05563710124281         2.04466598498468         2.03373020538212
    2.02282965349013         2.01196431581639         2.00113417829956
    1.99033913062800         1.97957925345805         1.96885444507183
    1.95816467979569         1.94750994105435         1.93689018306656
    1.92630538823333         1.91575550981812         1.90524051016888
    1.89476037023570         1.88431503231892         1.87390448595233
    1.86352868208845         1.85318757118489         1.84288114139106
    1.83260933277755         1.82237212301478         1.81216947033867
    1.80200132302031         1.79186765744594         1.78176842101709
    1.77170357975297         1.76167308973821         1.75167691611524
    1.74171501414264         1.73178734816327         1.72189385365270
    1.71203451308839         1.70220927064743         1.69241807958711
    1.68266091169179         1.67293770055904         1.66324841717172
    1.65359301327626         1.64397144023923         1.63438365845528
    1.62482961858750         1.61530926145128         1.60582255581961
    1.59636945122974         1.58694989690920         1.57756385110076
    1.56821125293912         1.55889206941408         1.54960623894072
    1.54035371843205         1.53113445510211         1.52194839578116
    1.51279549641908         1.50367570323048         1.49458897149029
    1.48553523743995         1.47651445571915         1.46752658072727
    1.45857155711929         1.44964931993646         1.44075983201359
    1.43190303713027         1.42307887885788         1.41428730039053
    1.40552824473952         1.39680167324193         1.38810751899249
    1.37944573347901         1.37081625856757         1.36221903588469
    1.35365401612386         1.34512113107884         1.33662034021294
    1.32815158412193         1.31971480318052         1.31130993749701
    1.30293692696204         1.29459572049828         1.28628626679798
    1.27800849574775         1.26976236483977         1.26154779429356
    1.25336474110268         1.24521314359120         1.23709293979628
    1.22900407686144         1.22094649240404         1.21292011463798
    1.20492490853217         1.19696079265102         1.18902771305586
    1.18112561563841         1.17325443685720         1.16541411296557
    1.15760458004314         1.14982579242887         1.14207766741232
    1.13436015893087         1.12667320237311         1.11901672373302
    1.11139068560015         1.10379500446255         1.09622962419413
    1.08869447932573         1.08118952259411         1.07371466988225
    1.06626987354850         1.05885506755507         1.05147017646765
    1.04411516142443         1.03678992838796         1.02949443819507
    1.02222862401512         1.01499240977937         1.00778573755005
    1.00060854014097        0.993460759366276        0.986342327763474
   0.979253186872961        0.972193259870681        0.965162488100476
   0.958160803617005        0.951188147469321        0.944244451530629
   0.937329656620240        0.930443685268504        0.923586469046603
   0.916757966603938        0.909958091133280        0.903186773848377
   0.896443964049191        0.889729592774611        0.883043590971443
   0.876385880477698        0.869756419218859        0.863155119788421
   0.856581930908071        0.850036774083352        0.843519588814616
   0.837030305464259        0.830568854383295        0.824135183853443
   0.817729215014107        0.811350877989143        0.805000111854091
   0.798676846546976        0.792381021035036        0.786112565151231
   0.779871408729612        0.773657481500821        0.767470722160172
   0.761311060363460        0.755178434687411        0.749072765702399
   0.742994000887935        0.736942060707146        0.730916874607818
   0.724918389901225        0.718946535905184        0.713001233016141
   0.707082419422124        0.701190024416404        0.695323986140529
   0.689484242714133        0.683670705426427        0.677883330211959
   0.672122028333094        0.666386746735908        0.660677405541085
   0.654993951678297        0.649336305246601        0.643704395270230
   0.638098168587846        0.632517536397655        0.626962454350700
   0.621432833682388        0.615928621109286        0.610449745612326
   0.604996127294983        0.599567712853369        0.594164422411500
   0.588786193761703        0.583432955916963        0.578104655545463
   0.572801203935565        0.567522538896007        0.562268598316696
   0.557039302338727        0.551834597659094        0.546654413326343
   0.541498669538603        0.536367312998683        0.531260264005438
   0.526177460478143        0.521118831507280        0.516084315078162
   0.511073831519863        0.506087327663814        0.501124723899554
   0.496185958286062        0.491270968866964        0.486379667384224
   0.481512009522784        0.476667907078605        0.471847315780866
   0.467050138758479        0.462276331778608        0.457525824345052
   0.452798537239662        0.448094408821653        0.443413377451725
   0.438755372805899        0.434120315848933        0.429508153827195
   0.424918816527378        0.420352233805041        0.415808335559693
   0.411287060452834        0.406788338502220        0.402312099730536
   0.397858282965380        0.393426818354629        0.389017636100871
   0.384630675173020        0.380265865904600        0.375923138647613
   0.371602432539643        0.367303680678003        0.363026811009300
   0.358771759366810        0.354538459039419        0.350326845088194
   0.346136849195692        0.341968407433600        0.337821450743807
   0.333695915326899        0.329591733998146        0.325508841341857
   0.321447170316015        0.317406656530624        0.313387232190565
   0.309388833920394        0.305411394084758        0.301454847712287
   0.297519129915417        0.293604174143939        0.289709915642512
   0.285836289754524        0.281983230152821        0.278150671476872
   0.274338550127482        0.270546800066197        0.266775357000095
   0.263024155003020        0.259293130837376        0.255582217900313
   0.251891353949733        0.248220472563470        0.244569510807392
   0.240938403288567        0.237327086403406        0.233735494910354
   0.230163566253767        0.226611235960890        0.223078439761334
   0.219565114148765        0.216071195371014        0.212596619900027
   0.209141324169379        0.205705244695315        0.202288318197382
   0.198890481493960        0.195511671782230        0.192151824882083
   0.188810879046550        0.185488771186551        0.182185437481721
   0.178900817587822        0.175634846179945        0.172387463103071
   0.169158604076385        0.165948208298690        0.162756212546902
   0.159582556208396        0.156427176261181        0.153290010619040
   0.150170997277384        0.147070076086676        0.143987184390416
   0.140922261372436        0.137875244621705        0.134846074354794
   0.131834687534851        0.128841025420064        0.125865025207819
   0.122906626666436        0.119965769729642        0.117042393567023
   0.114136436624528        0.111247839951755        0.108376542224155
   0.105522483891463        0.102685604663347        0.998658443929560D-001
   0.970631438239951D-001   0.942774430082869D-001   0.915086813029816D-001
   0.887568014632929D-001   0.860217413635779D-001   0.833034440097775D-001
   0.806018491846524D-001   0.779168976012985D-001   0.752485317629548D-001
   0.725966909591668D-001   0.699613170743313D-001   0.673423521295440D-001
   0.647397373964099D-001   0.621534134797420D-001   0.595833251968286D-001
   0.570294108697877D-001   0.544916105839867D-001   0.519698720364479D-001
   0.494641347137360D-001   0.469743465219167D-001   0.445004388965992D-001
   0.420423599726532D-001   0.396000579995278D-001   0.371734647892551D-001
   0.347625288288779D-001   0.323671986884827D-001   0.299874065824335D-001
   0.276231012863459D-001   0.252742318022006D-001   0.229407306248162D-001
   0.206225469498043D-001   0.183196300801099D-001   0.160319129136811D-001
   0.137593450061870D-001   0.115018677275042D-001   0.925943086698448D-002
   0.703197605573759D-002   0.481944507511792D-002   0.262177982076443D-002
   0.438938740487580D-003  -0.172915245826661D-002  -0.388252688226655D-002
  -0.602125857792743D-002  -0.814539682338654D-002  -0.102549907999355D-001
  -0.123500977554677D-001  -0.144307748083078D-001  -0.164970707984463D-001
  -0.185490507641549D-001  -0.205867551123471D-001  -0.226102486674449D-001
  -0.246195797530383D-001  -0.266148047671196D-001  -0.285959717925235D-001
  -0.305631451353987D-001  -0.325163644955743D-001  -0.344556939108672D-001
  -0.363811891587610D-001  -0.382928895866663D-001  -0.401908506958396D-001
  -0.420751360560737D-001  -0.439457927563018D-001  -0.458028678394801D-001
  -0.476464244358024D-001  -0.494765012072661D-001  -0.512931610346167D-001
  -0.530964585702974D-001  -0.548864320970532D-001  -0.566631441374882D-001
  -0.584266408353956D-001  -0.601769763487084D-001  -0.619142046886255D-001
  -0.636383716676320D-001  -0.653495310516932D-001  -0.670477364890719D-001
  -0.687330334091526D-001  -0.704054752119480D-001  -0.720651151706702D-001
  -0.737119983531645D-001  -0.753461777755003D-001  -0.769676982688194D-001
  -0.785766206801436D-001  -0.801729976362338D-001  -0.817568575065555D-001
  -0.833282768087029D-001  -0.848872836986774D-001  -0.864339383522686D-001
  -0.879682847646237D-001  -0.894903828438452D-001  -0.910002683081561D-001
  -0.924979927984321D-001  -0.939836158566151D-001  -0.954571808459216D-001
  -0.969187230202692D-001  -0.983683095403178D-001  -0.998059834151342D-001
  -0.101231787539122       -0.102645780664811       -0.104047997455018
  -0.105438496427640       -0.106817312010366       -0.108184510419468
  -0.109540125852122       -0.110884208326826       -0.112216807733188
  -0.113537973861934       -0.114847748374172       -0.116146180816442
  -0.117433312623424       -0.118709193068584       -0.119973871317210
  -0.121227396406215       -0.122469809270078       -0.123701158698853
  -0.124921493350506       -0.126130853836303       -0.127329280669436
  -0.128516830019692       -0.129693550062643       -0.130859473024554
  -0.132014662622638       -0.133159142964694       -0.134292969615070
  -0.135416190118408       -0.136528844026179       -0.137630986506342
  -0.138722641130604       -0.139803878548746       -0.140874722114534
  -0.141935226495743       -0.142985430548581       -0.144025380823066
  -0.145055123788523       -0.146074697911311       -0.147084149410710
  -0.148083524370149       -0.149072868761951       -0.150052212761046
  -0.151021609912901       -0.151981105841204       -0.152930730386221
  -0.153870544534369       -0.154800570118840       -0.155720867861012
  -0.156631474960785       -0.157532428503871       -0.158423773273762
  -0.159305553911890       -0.160177807155599       -0.161040585198906
  -0.161893916776817       -0.162737853833239       -0.163572432650544
  -0.164397689408872       -0.165213683442726       -0.166020435178085
  -0.166817995956029       -0.167606409238962       -0.168385710626854
  -0.169155943351533       -0.169917142791511       -0.170669351948415
  -0.171412621426990       -0.172146978533212       -0.172872465926432
  -0.173589126140453       -0.174297001581411       -0.174996119142734
  -0.175686536418473       -0.176368287769842       -0.177041399760587
  -0.177705929622171       -0.178361903697868       -0.179009363604898
  -0.179648358519218       -0.180278914467103       -0.180901072719564
  -0.181514874439285       -0.182120360665140       -0.182717572319350
  -0.183306534906680       -0.183887296787874       -0.184459890907635
  -0.185024357745921       -0.185580737665152       -0.186129063282861
  -0.186669382379869       -0.187201719719951       -0.187726115234025
  -0.188242616345229       -0.188751247517289       -0.189252048348749
  -0.189745065924315       -0.190230324392393       -0.190707870617787
  -0.191177736150167       -0.191639960020045       -0.192094573573332
  -0.192541615628205       -0.192981124901940       -0.193413132412364
  -0.193837684231495       -0.194254803604759       -0.194664536374353
  -0.195066913145512       -0.195461971985640       -0.195849743294523
  -0.196230264924190       -0.196603582157460       -0.196969710002374
  -0.197328701074558       -0.197680585248413       -0.198025399842125
  -0.198363167015276       -0.198693931406682       -0.199017730007141
  -0.199334599708741       -0.199644562282245       -0.199947654420060
  -0.200243920207659       -0.200533388617589       -0.200816088537340
  -0.201092063718702       -0.201361335361220       -0.201623954492740
  -0.201879934635548       -0.202129326599529       -0.202372151195919
  -0.202608444088753       -0.202838240828140       -0.203061576862248
  -0.203278480085453       -0.203488993197668       -0.203693128999851
  -0.203890944874417       -0.204082453443059       -0.204267696991276
  -0.204446702838293       -0.204619505624482       -0.204786139900953
  -0.204946640107266       -0.205101025762545       -0.205249338539926
  -0.205391612571668       -0.205527874513651       -0.205658150926238
  -0.205782483058721       -0.205900897280284       -0.206013419863844
  -0.206120091764915       -0.206220939069151       -0.206315995146843
  -0.206405293264345       -0.206488851872346       -0.206566711427135
  -0.206638904908613       -0.206705457849641       -0.206766403050083
  -0.206821765865374       -0.206871578908657       -0.206915874691137
  -0.206954685628931       -0.206988073331163       -0.207016150495251
  -0.207039044165747       -0.207056873779753       -0.207069758481152
  -0.207077817122149       -0.207081175570916       -0.207079944800610
  -0.207074250094509       -0.207064209138464       -0.207049939342637
  -0.207031557823042       -0.207009188685535       -0.206982948461089
  -0.206952946123237       -0.206919304913018       -0.206882147756078
  -0.206841582779087       -0.206797732334579       -0.206750703971297
  -0.206700619475375       -0.206647593078293       -0.206591745961368
  -0.206533184555915       -0.206472029463656       -0.206408386551178
  -0.206342383072346       -0.206274117104454       -0.206203715319886
  -0.206131289659491       -0.206056944580357       -0.205980798667516
  -0.205902963022284       -0.205823534066537       -0.205742543294841
  -0.205659993351765       -0.205575901199860       -0.205490283734058
  -0.205403136255835       -0.205314489887564       -0.205224339820285
  -0.205132702709640       -0.205039587975897       -0.204945012142643
  -0.204848977363633       -0.204751507180311       -0.204652596491725
  -0.204552268721086       -0.204450525813546       -0.204347391044149
  -0.204242859118123       -0.204136953196453       -0.204029675011732
  -0.203921033360110       -0.203811051214216       -0.203699730139338
  -0.203587078770139       -0.203473112784168       -0.203357833602002
  -0.203241263886714       -0.203123404943367       -0.203004265146084
  -0.202883859876692       -0.202762197381287       -0.202639292937725
  -0.202515140547319       -0.202389762433808       -0.202263166645906
  -0.202135361161649       -0.202006353918495       -0.201876159855940
  -0.201744786792234       -0.201612235478114       -0.201478527712007
  -0.201343664141775       -0.201207652398996       -0.201070514106225
  -0.200932242752097       -0.200792859853432       -0.200652365817027
  -0.200510775029937       -0.200368094821898       -0.200224332476705
  -0.200079495220959       -0.199933597234434       -0.199786645649228
  -0.199638647544262       -0.199489616940143       -0.199339546873088
  -0.199188465205181       -0.199036364896471       -0.198883266719680
  -0.198729170510183       -0.198574083030962       -0.198418024890450
  -0.198260988859450       -0.198102995431731       -0.197944044247715
  -0.197784148754355       -0.197623315440760       -0.197461557656759
  -0.197298867948328       -0.197135266501616       -0.196970759616179
  -0.196805360457104       -0.196639061407335       -0.196471882451594
  -0.196303829712908       -0.196134902373789       -0.195965120260791
  -0.195794482468825       -0.195623001832346       -0.195450684262972
  -0.195277535616967       -0.195103561728233       -0.194928768370038
  -0.194753175013684       -0.194576773632104       -0.194399583594805
  -0.194221603657494       -0.194042839400383       -0.193863310047437
  -0.193683007400532       -0.193501950592988       -0.193320138197853
  -0.193137589242101       -0.192954295402474       -0.192770268802895
  -0.192585521509802       -0.192400051917594       -0.192213872006962
  -0.192026993728771       -0.191839408567695       -0.191651135179689
  -0.191462178586100       -0.191272543764140       -0.191082242435167
  -0.190891265949332       -0.190699632733441       -0.190507347617821
  -0.190314422156760       -0.190120847581381       -0.189926642135790
  -0.189731810510595       -0.189536357334650       -0.189340287235525
  -0.189143604779503       -0.188946321258952       -0.188748441170573
  -0.188549975711298       -0.188350915852350       -0.188151279451691
  -0.187951070870960       -0.187750287728726       -0.187548947735596
  -0.187347055155531       -0.187144607500129       -0.186941615672218
  -0.186738083825138       -0.186534016089648       -0.186329423243877
  -0.186124309344440       -0.185918678412699       -0.185712534438375
  -0.185505881387797       -0.185298729862518       -0.185091083745183
  -0.184882953561071       -0.184674329822513       -0.184465229645190
  -0.184255656787025       -0.184045614987004       -0.183835107949847
  -0.183624139350219       -0.183412719461745       -0.183200858528102
  -0.182988546861546       -0.182775794657980       -0.182562612047140
  -0.182349002513475       -0.182134969522398       -0.181920523095983
  -0.181705653443881       -0.181490383722632       -0.181274704096794
  -0.181058624460679       -0.180842154686882       -0.180625291453785
  -0.180408044554796       -0.180190417197392       -0.179972419112512
  -0.179754046871894       -0.179535303599206       -0.179316205490356
  -0.179096742502850       -0.178876930761561       -0.178656773261732
  -0.178436266452936       -0.178215419807294       -0.177994242795133
  -0.177772731767738       -0.177550896126708       -0.177328738708992
  -0.177106255816611       -0.176883469787919       -0.176660363846358
  -0.176436960259859       -0.176213255222679       -0.175989251429442
  -0.175764951540957       -0.175540364692707       -0.175315493487696
  -0.175090340516100       -0.174864914809660       -0.174639212437516
  -0.174413242380642       -0.174187007131068       -0.173960509153009
  -0.173733757340420       -0.173506754103973       -0.173279495396999
  -0.173051996474182       -0.172824253239681       -0.172596268017760
  -0.172368055979205       -0.172139606534738       -0.171910934790118
  -0.171682036554633       -0.171452920456166       -0.171223588671888
  -0.170994043370161       -0.170764286698539       -0.170534327172686
  -0.170304166887802       -0.170073807914047       -0.169843252314763
  -0.169612508497963       -0.169381578475430       -0.169150457858770
  -0.168919154997078       -0.168687678214114       -0.168456029409181
  -0.168224204149859       -0.167992217024020       -0.167760063542771
  -0.167527745550808       -0.167295271226732       -0.167062642361912
  -0.166829860752245       -0.166596928159465       -0.166363858978243
  -0.166130642280683       -0.165897286103994       -0.165663792128722
  -0.165430168342923       -0.165196410075934       -0.164962531573355
  -0.164728528136510       -0.164494401354635       -0.164260159103206
  -0.164025796641050       -0.163791328081094       -0.163556748649669
  -0.163322066125160       -0.163087275720319       -0.162852385161940
  -0.162617402168934       -0.162382321897730       -0.162147145763219
  -0.161911881423097       -0.161676536485888       -0.161441106068840
  -0.161205591515411       -0.160970000388383       -0.160734333991927
  -0.160498593626238       -0.160262786775030       -0.160026908481573
  -0.159790966214600       -0.159554961186550       -0.159318900821282
  -0.159082780101806       -0.158846606402440       -0.158610374699395
  -0.158374098521947       -0.158137778991983       -0.157901411037635
  -0.157665001938959       -0.157428552784314       -0.157192064638255
  -0.156955544727730       -0.156718994082022       -0.156482413722968
  -0.156245804660151       -0.156009167891826       -0.155772510543417
  -0.155535833581183       -0.155299137949663       -0.155062424582160
  -0.154825700542445       -0.154588960604232       -0.154352217911937
  -0.154115467221751       -0.153878709394515       -0.153641951398125
  -0.153405194069530       -0.153168438233760       -0.152931684698681
  -0.152694940370485       -0.152458199928072       -0.152221476322965
  -0.151984764229288       -0.151748064395461       -0.151511383625749
  -0.151274716566560       -0.151038076074183       -0.150801462829179
  -0.150564871445599       -0.150328302607269       -0.150091769073051
  -0.149855265431724       -0.149618792325511       -0.149382356409903
  -0.149145958295308       -0.148909598577112       -0.148673277841820
  -0.148437002681819       -0.148200773667117       -0.147964585324900
  -0.147728450220818       -0.147492368878977       -0.147256335806547
  -0.147020357513820       -0.146784434495550       -0.146548567234014
  -0.146312768174517       -0.146077019816488       -0.145841340570794
  -0.145605724884254       -0.145370179158772       -0.145134697848467
  -0.144899287325112       -0.144663953929740       -0.144428686157784
  -0.144193502227929       -0.143958390609306       -0.143723357613455
  -0.143488403577410       -0.143253534781015       -0.143018751532897
  -0.142784048236084       -0.142549437042637       -0.142314912327094
  -0.142080474380522       -0.141846129390794       -0.141611883538194
  -0.141377725260143       -0.141143672519407       -0.140909707862484
  -0.140675849201872       -0.140442090865384       -0.140208433066784
  -0.139974881898121       -0.139741437540980       -0.139508100191879
  -0.139274870024493       -0.139041747202300       -0.138808737767712
  -0.138575841858131       -0.138343065465788       -0.138110397034356
  -0.137877848384501       -0.137645425463256       -0.137413116709089
  -0.137180928065387       -0.136948865451515       -0.136716928956562
  -0.136485112827649       -0.136253428781420       -0.136021871063630
  -0.135790445528776       -0.135559146431827       -0.135327985406996
  -0.135096956684098       -0.134866060303945       -0.134635302061750
  -0.134404681968414       -0.134174200022472       -0.133943862006483
  -0.133713662120944       -0.133483606123711       -0.133253693992349
  -0.133023925690570       -0.132794306931438       -0.132564837665803
  -0.132335517842179       -0.132106341653113       -0.131877320522333
  -0.131648454368370       -0.131419743098497       -0.131191186638761
  -0.130962779170939       -0.130734537757444       -0.130506450848520
  -0.130278524053470       -0.130050762956937       -0.129823156025469
  -0.129595720224424       -0.129368444030336       -0.129141332980557
  -0.128914392629337       -0.128687617117972       -0.128461011975251
  -0.128234577033183       -0.128008312110532       -0.127782217039680
  -0.127556297292113       -0.127330552683725       -0.127104983008407
  -0.126879593717550       -0.126654378951044       -0.126429338503179
  -0.126204483439304       -0.125979802256557       -0.125755311625907
  -0.125530994421891       -0.125306867285728       -0.125082924346725
  -0.124859165347632       -0.124635595657705       -0.124412209401007
  -0.124189011921121       -0.123966008539374       -0.123743193390397
  -0.123520571784442       -0.123298137846703       -0.123075902458390
  -0.122853854161564       -0.122632009392374       -0.122410356692316
  -0.122188901322295       -0.121967648539119       -0.121746592458255
  -0.121525732750455       -0.121305074657636       -0.121084623390915
  -0.120864373066043       -0.120644323340519       -0.120424479412571
  -0.120204840923310       -0.119985413062838       -0.119766184404218
  -0.119547171172012       -0.119328361943791       -0.119109761884180
  -0.118891376114099       -0.118673198755350       -0.118455234925959
  -0.118237489729956       -0.118019951793383       -0.117802631706643
  -0.117585523580183       -0.117368632507960       -0.117151963554314
  -0.116935505353828       -0.116719273916803       -0.116503257878694
  -0.116287462298693       -0.116071886743231       -0.115856536244812
  -0.115641404917485       -0.115426503219726       -0.115211819831370
  -0.114997365185995       -0.114783133406167       -0.114569129480313
  -0.114355358367998       -0.114141808776805       -0.113928491090491
  -0.113715399426529       -0.113502544147648       -0.113289913970765
  -0.113077519231556       -0.112865359452110       -0.112653428760866
  -0.112441732071947       -0.112230274287532       -0.112019049532977
  -0.111808062704329       -0.111597307933541       -0.111386795470638
  -0.111176519444473       -0.110966484719669       -0.110756685434426
  -0.110547131792627       -0.110337817925243       -0.110128743330874
  -0.109919912838127       -0.109711325917080       -0.109502982062534
  -0.109294880743807       -0.109087026768682       -0.108879419602503
  -0.108672053397522       -0.108464939852467       -0.108258073109763
  -0.108051454227251       -0.107845084253759       -0.107638964240257
  -0.107433094167449       -0.107227475070879       -0.107022107993603
  -0.106816992908521       -0.106612130312300       -0.106407521763474
  -0.106203166699265       -0.105999066663053       -0.105795221619939
  -0.105591632581069       -0.105388300025703       -0.105185224437222
  -0.104982406817240       -0.104779847630748       -0.104577546832931
  -0.104375505414661       -0.104173724357621       -0.103972203606502
  -0.103770944663033       -0.103569946940510       -0.103369211932620
  -0.103168739570229       -0.102968530827357       -0.102768585621263
  -0.102568905437581       -0.102369490713910       -0.102170341370074
  -0.101971458360548       -0.101772842112387       -0.101574493580216
  -0.101376412659174       -0.101178600304275       -0.100981056929556
  -0.100783782956513       -0.100586779316916       -0.100390045909152
  -0.100193584167646       -0.999973934801624D-001  -0.998014752815817D-001
  -0.996058299713746D-001  -0.994104579485964D-001  -0.992153591023891D-001
  -0.990205348555253D-001  -0.988259855997501D-001  -0.986317112162008D-001
  -0.984377131151590D-001  -0.982439906631036D-001  -0.980505452646299D-001
  -0.978573773006635D-001  -0.976644871546607D-001  -0.974718751979079D-001
  -0.972795423222571D-001  -0.970874883878465D-001  -0.968957142708830D-001
  -0.967042203447982D-001  -0.965130069700137D-001  -0.963220750235193D-001
  -0.961314243587409D-001  -0.959410563465640D-001  -0.957509708398342D-001
  -0.955611681930251D-001  -0.953716492625915D-001  -0.951824149054189D-001
  -0.949934644620942D-001  -0.948047987813650D-001  -0.946164187159555D-001
  -0.944283251027082D-001  -0.942405172846756D-001  -0.940529960956619D-001
  -0.938657623807694D-001  -0.936788164733839D-001  -0.934921586956531D-001
  -0.933057888891997D-001  -0.931197088773459D-001  -0.929339179852371D-001
  -0.927484170376181D-001  -0.925632063566936D-001  -0.923782867643526D-001
  -0.921936580698479D-001  -0.920093211004623D-001  -0.918252761600584D-001
  -0.916415235671445D-001  -0.914580641259542D-001  -0.912748981453362D-001
  -0.910920254346376D-001  -0.909094472903901D-001  -0.907271635193082D-001
  -0.905451749194429D-001  -0.903634817879734D-001  -0.901820844169122D-001
  -0.900009831058519D-001  -0.898201786469995D-001  -0.896396713196908D-001
  -0.894594614204208D-001  -0.892795492357387D-001  -0.890999350518724D-001
  -0.889206201349277D-001  -0.887416037863512D-001  -0.885628867732510D-001
  -0.883844698682540D-001  -0.882063533459734D-001  -0.880285369951775D-001
  -0.878510220613569D-001  -0.876738078446425D-001  -0.874968960743363D-001
  -0.873202860461717D-001  -0.871439785117182D-001  -0.869679742244258D-001
  -0.867922729591667D-001  -0.866168754614620D-001  -0.864417815079750D-001
  -0.862669923248354D-001  -0.860925081690201D-001  -0.859183288051576D-001
  -0.857444544928996D-001  -0.855708864428392D-001  -0.853976244309579D-001
  -0.852246691753385D-001  -0.850520209300280D-001  -0.848796794562590D-001
  -0.847076459581960D-001  -0.845359206699273D-001  -0.843645033572544D-001
  -0.841933947368045D-001  -0.840225950428706D-001  -0.838521045109014D-001
  -0.836819238500245D-001  -0.835120532915507D-001  -0.833424930680352D-001
  -0.831732438772112D-001  -0.830043054746518D-001  -0.828356785589320D-001
  -0.826673628731419D-001  -0.824993595936626D-001  -0.823316689380883D-001
  -0.821642906514626D-001  -0.819972254236261D-001  -0.818304734668863D-001
  -0.816640349973039D-001  -0.814979111713620D-001  -0.813321012476224D-001
  -0.811666059157970D-001  -0.810014253789826D-001  -0.808365603109644D-001
  -0.806720104475453D-001  -0.805077769309976D-001  -0.803438594901063D-001
  -0.801802583241641D-001  -0.800169741003101D-001  -0.798540070142487D-001
  -0.796913572550206D-001  -0.795290250195479D-001  -0.793670109661677D-001
  -0.792053152833284D-001  -0.790439381583047D-001  -0.788828797754525D-001
  -0.787221407891552D-001  -0.785617209121762D-001  -0.784016207951520D-001
  -0.782418396840597D-001  -0.780823782270028D-001  -0.779232361373499D-001
  -0.777644126660496D-001  -0.776059084525912D-001  -0.774477232135800D-001
  -0.772898566612068D-001  -0.771323085129535D-001  -0.769750794044462D-001
  -0.768181685843482D-001  -0.766615762317606D-001  -0.765053020572836D-001
  -0.763493457774035D-001  -0.761937080201741D-001  -0.760383880413216D-001
  -0.758833860144316D-001  -0.757287021085324D-001  -0.755743355758892D-001
  -0.754202865882609D-001  -0.752665548587249D-001  -0.751131405534031D-001
  -0.749600438448527D-001  -0.748072639836072D-001  -0.746548011378029D-001
  -0.745026554764661D-001  -0.743508262531143D-001  -0.741993140895116D-001
  -0.740481186941899D-001  -0.738972393233674D-001  -0.737466765958955D-001
  -0.735964302218327D-001  -0.734464999112276D-001  -0.732968858255610D-001
  -0.731475876721357D-001  -0.729986051637149D-001  -0.728499384584118D-001
  -0.727015877179589D-001  -0.725535521969813D-001  -0.724058320584024D-001
  -0.722584274562282D-001  -0.721113380994788D-001  -0.719645632492238D-001
  -0.718181039582468D-001  -0.716719594845302D-001  -0.715261295347121D-001
  -0.713806142666871D-001  -0.712354133835236D-001  -0.710905270405487D-001
  -0.709459549446361D-001  -0.708016972470847D-001  -0.706577532069165D-001
  -0.705141234241412D-001  -0.703708071562653D-001  -0.702278049979110D-001
  -0.700851162129753D-001  -0.699427409428092D-001  -0.698006789002424D-001
  -0.696589302297099D-001  -0.695174946346831D-001  -0.693763718201915D-001
  -0.692355623704514D-001  -0.690950655511845D-001  -0.689548810613612D-001
  -0.688150094923613D-001  -0.686754500997735D-001  -0.685362030277982D-001
  -0.683972679800091D-001  -0.682586450981554D-001  -0.681203345200904D-001
  -0.679823350696238D-001  -0.678446477640195D-001  -0.677072718706611D-001
  -0.675702070816821D-001  -0.674334539758592D-001  -0.672970122549646D-001
  -0.671608811770483D-001  -0.670250608809655D-001  -0.668895519375923D-001
  -0.667543531712467D-001  -0.666194651549760D-001  -0.664848875827888D-001
  -0.663506201598426D-001  -0.662166630068178D-001  -0.660830162598858D-001
  -0.659496787497013D-001  -0.658166514722060D-001  -0.656839336883057D-001
  -0.655515255264844D-001  -0.654194266837844D-001  -0.652876368561608D-001
  -0.651561561653252D-001  -0.650249847380970D-001  -0.648941222705480D-001
  -0.647635680263926D-001  -0.646333225556814D-001  -0.645033859830318D-001
  -0.643737571394773D-001  -0.642444365803349D-001  -0.641154244195468D-001
  -0.639867198821889D-001  -0.638583231710676D-001  -0.637302341031607D-001
  -0.636024524971908D-001  -0.634749782612082D-001  -0.633478112064649D-001
  -0.632209512789969D-001  -0.630943982552251D-001  -0.629681520312391D-001
  -0.628422124702383D-001  -0.627165793828495D-001  -0.625912526669682D-001
  -0.624662322280442D-001  -0.623415177870239D-001  -0.622171093250452D-001
  -0.620930066599432D-001  -0.619692096423955D-001  -0.618457180825674D-001
  -0.617225318749799D-001  -0.615996509147033D-001  -0.614770749691682D-001
  -0.613548039296080D-001  -0.612328376462043D-001  -0.611111760109741D-001
  -0.609898187859743D-001  -0.608687658645187D-001  -0.607480170935820D-001
  -0.606275723166709D-001  -0.605074314277426D-001  -0.603875941804507D-001
  -0.602680605096385D-001  -0.601488301756168D-001  -0.600299031012705D-001
  -0.599112790884002D-001  -0.597929579837349D-001  -0.596749396247181D-001
  -0.595572238597185D-001  -0.594398105340580D-001  -0.593226994835224D-001
  -0.592058905479542D-001  -0.590893835634947D-001  -0.589731783709339D-001
  -0.588572748059530D-001  -0.587416727061912D-001  -0.586263719093065D-001
  -0.585113722161587D-001  -0.583966735206673D-001  -0.582822756530190D-001
  -0.581681783635792D-001  -0.580543815687924D-001  -0.579408850528286D-001
  -0.578276886871823D-001  -0.577147922658680D-001  -0.576021956490642D-001
  -0.574898986326083D-001  -0.573779010342531D-001  -0.572662027274924D-001
  -0.571548034935914D-001  -0.570437031968899D-001  -0.569329016622499D-001
  -0.568223986709184D-001  -0.567121940437449D-001  -0.566022876413257D-001
  -0.564926792883445D-001  -0.563833687604618D-001  -0.562743559164845D-001
  -0.561656405345520D-001  -0.560572224686544D-001  -0.559491015408327D-001
  -0.558412775214997D-001  -0.557337502640975D-001  -0.556265195834396D-001
  -0.555195852521623D-001  -0.554129471219521D-001  -0.553066050025810D-001
  -0.552005587022039D-001  -0.550948079957094D-001  -0.549893527220926D-001
  -0.548841926966479D-001  -0.547793277199956D-001  -0.546747575599304D-001
  -0.545704821011057D-001  -0.544665010610377D-001  -0.543628142918485D-001
  -0.542594215881687D-001  -0.541563227520733D-001  -0.540535175838372D-001
  -0.539510058767623D-001  -0.538487874760988D-001  -0.537468620174760D-001
  -0.536452295314889D-001  -0.535438896544926D-001  -0.534428420278728D-001
  -0.533420870629311D-001  -0.532416236258418D-001  -0.531414525092277D-001
  -0.530415725756097D-001  -0.529419842310155D-001  -0.528426871099023D-001
  -0.527436808470898D-001  -0.526449654535313D-001  -0.525465405657053D-001
  -0.524484058068877D-001  -0.523505615792746D-001  -0.522530071264189D-001
  -0.521557420742465D-001  -0.520587668160711D-001  -0.519620805895281D-001
  -0.518656834065842D-001  -0.517695748902858D-001  -0.516737550392450D-001
  -0.515782238648226D-001  -0.514829802153411D-001  -0.513880248615351D-001
  -0.512933570341162D-001  -0.511989767341595D-001  -0.511048835756252D-001
  -0.510110771808010D-001  -0.509175575328873D-001  -0.508243246320048D-001
  -0.507313777106856D-001  -0.506387171311911D-001  -0.505463421317869D-001
  -0.504542526991638D-001  -0.503624488136062D-001  -0.502709297113136D-001
  -0.501796953731655D-001  -0.500887457772087D-001  -0.499980805322540D-001
  -0.499076992385215D-001  -0.498176018753389D-001  -0.497277880398951D-001
  -0.496382573367875D-001  -0.495490101094123D-001  -0.494600455826309D-001
  -0.493713637264951D-001  -0.492829641366738D-001  -0.491948464063389D-001
  -0.491070105052318D-001  -0.490194563935001D-001  -0.489321836607588D-001
  -0.488451915326910D-001  -0.487584807040536D-001  -0.486720500225600D-001
  -0.485858998163205D-001  -0.485000293026859D-001  -0.484144388022469D-001
  -0.483291275317567D-001  -0.482440954391500D-001  -0.481593421084201D-001
  -0.480748678502681D-001  -0.479906715130684D-001  -0.479067534079979D-001
  -0.478231131084590D-001  -0.477397505587133D-001  -0.476566649632586D-001
  -0.475738566292064D-001  -0.474913247604583D-001  -0.474090692941869D-001
  -0.473270898004560D-001  -0.472453862103353D-001  -0.471639584491368D-001
  -0.470828057268610D-001  -0.470019279674720D-001  -0.469213247353786D-001
  -0.468409963106685D-001  -0.467609415403322D-001  -0.466811606959488D-001
  -0.466016533443702D-001  -0.465224193963119D-001  -0.464434580518176D-001
  -0.463647692240459D-001  -0.462863531820910D-001  -0.462082087628908D-001
  -0.461303358750442D-001  -0.460527347818871D-001  -0.459754043195811D-001
  -0.458983451022238D-001  -0.458215559658277D-001  -0.457450371646357D-001
  -0.456687878870008D-001  -0.455928083849237D-001  -0.455170978443291D-001
  -0.454416565106353D-001  -0.453664832183849D-001  -0.452915785600879D-001
  -0.452169417193940D-001  -0.451425725821371D-001  -0.450684703305027D-001
  -0.449946351981388D-001  -0.449210667139327D-001  -0.448477644070953D-001
  -0.447747281541554D-001  -0.447019574830360D-001  -0.446294519155802D-001
  -0.445572113263398D-001  -0.444852352359099D-001  -0.444135235125716D-001
  -0.443420760220280D-001  -0.442708915891273D-001  -0.441999704230165D-001
  -0.441293123850003D-001  -0.440589166419678D-001  -0.439887833962630D-001
  -0.439189118145147D-001  -0.438493014067826D-001  -0.437799523676555D-001
  -0.437108642027804D-001  -0.436420364189280D-001  -0.435734685181001D-001
  -0.435051603454867D-001  -0.434371114024931D-001  -0.433693215284694D-001
  -0.433017902217003D-001  -0.432345173185934D-001  -0.431675019734427D-001
  -0.431007443607242D-001  -0.430342436309027D-001  -0.429679999540072D-001
  -0.429020124789206D-001  -0.428362806937688D-001  -0.427708047602744D-001
  -0.427055841625106D-001  -0.426406183832768D-001  -0.425759072390123D-001
  -0.425114498749533D-001  -0.424472461047997D-001  -0.423832960753474D-001
  -0.423195985928258D-001  -0.422561537995919D-001  -0.421929611681605D-001
  -0.421300201676888D-001  -0.420673306022508D-001  -0.420048919378985D-001
  -0.419427036414759D-001  -0.418807655102882D-001  -0.418190773374726D-001
  -0.417576382531960D-001  -0.416964483784728D-001  -0.416355068409647D-001
  -0.415748130981981D-001  -0.415143675931515D-001  -0.414541687923340D-001
  -0.413942171330266D-001  -0.413345120653591D-001  -0.412750530378838D-001
  -0.412158391693245D-001  -0.411568708881428D-001  -0.410981469836072D-001
  -0.410396678759343D-001  -0.409814323543848D-001  -0.409234401835236D-001
  -0.408656911264488D-001  -0.408081849410104D-001  -0.407509204143561D-001
  -0.406938979501393D-001  -0.406371166553505D-001  -0.405805762822033D-001
  -0.405242762573629D-001  -0.404682163286148D-001  -0.404123955983032D-001
  -0.403568141322284D-001  -0.403014713504625D-001  -0.402463663504977D-001
  -0.401914995116461D-001  -0.401368696084308D-001  -0.400824763762019D-001
  -0.400283198634530D-001  -0.399743988437266D-001  -0.399207133632924D-001
  -0.398672628277827D-001  -0.398140469604864D-001  -0.397610648477336D-001
  -0.397083162079669D-001  -0.396558007583366D-001  -0.396035178971317D-001
  -0.395514670207283D-001  -0.394996478397487D-001  -0.394480597466581D-001
  -0.393967024474118D-001  -0.393455753319128D-001  -0.392946777882463D-001
  -0.392440092024359D-001  -0.391935695860454D-001  -0.391433583197783D-001
  -0.390933747845471D-001  -0.390436183599690D-001  -0.389940884242251D-001
  -0.389447849745613D-001  -0.388957073833881D-001  -0.388468547141610D-001
  -0.387982269564378D-001  -0.387498234779699D-001  -0.387016436447658D-001
  -0.386536868229926D-001  -0.386059529922265D-001  -0.385584412054034D-001
  -0.385111508210923D-001  -0.384640818132002D-001  -0.384172335356188D-001
  -0.383706050368402D-001  -0.383241962802695D-001  -0.382780066174422D-001
  -0.382320353957034D-001  -0.381862819624462D-001  -0.381407462715355D-001
  -0.380954270580529D-001  -0.380503245733514D-001  -0.380054378535009D-001
  -0.379607665393925D-001  -0.379163096643731D-001  -0.378720671663013D-001
  -0.378280383765680D-001  -0.377842226254319D-001  -0.377406195421689D-001
  -0.376972284527885D-001  -0.376540477847147D-001  -0.376110741760363D-001
  -0.375683027855196D-001  -0.375257287931909D-001  -0.374833479950448D-001
  -0.374411553148657D-001  -0.373991465854636D-001  -0.373573170697304D-001
  -0.373156623436739D-001  -0.372741777092832D-001  -0.372328590783735D-001
  -0.371917017925441D-001  -0.371507012139065D-001  -0.371098533112045D-001
  -0.370691534881787D-001  -0.370285971663092D-001  -0.369881803742700D-001
  -0.369478985744715D-001  -0.369077475413319D-001  -0.368677227775084D-001
  -0.368278200984498D-001  -0.367880353376548D-001  -0.367483643488575D-001
  -0.367088027158751D-001  -0.366693460411316D-001  -0.366299905299120D-001
  -0.365907321122173D-001  -0.365515661639080D-001  -0.365124889464356D-001
  -0.364734964509344D-001  -0.364345841137172D-001  -0.363957482545226D-001
  -0.363569846377211D-001  -0.363182893352023D-001  -0.362796584355412D-001
  -0.362410880503753D-001  -0.362025737390653D-001  -0.361641122212458D-001
  -0.361256988124686D-001  -0.360873302718501D-001  -0.360490025224260D-001
  -0.360107115114447D-001  -0.359724537697687D-001  -0.359342249995207D-001
  -0.358960217712852D-001  -0.358578401112546D-001  -0.358196766257258D-001
  -0.357815268218611D-001  -0.357433876262167D-001  -0.357052551447575D-001
  -0.356671257826458D-001  -0.356289956876540D-001  -0.355908615826433D-001
  -0.355527193754244D-001  -0.355145655510030D-001  -0.354763966157931D-001
  -0.354382093685289D-001  -0.353999995231534D-001  -0.353617641964945D-001
  -0.353234996946682D-001  -0.352852023449300D-001  -0.352468690459797D-001
  -0.352084958888831D-001  -0.351700798093908D-001  -0.351316172166126D-001
  -0.350931050838585D-001  -0.350545395851324D-001  -0.350159174605511D-001
  -0.349772354723417D-001  -0.349384903984638D-001  -0.348996787668233D-001
  -0.348607976680511D-001  -0.348218433987923D-001  -0.347828128164875D-001
  -0.347437030719593D-001  -0.347045107898179D-001  -0.346652326193439D-001
  -0.346258654977084D-001  -0.345864063815004D-001  -0.345468522464130D-001
  -0.345071995543255D-001  -0.344674458537694D-001  -0.344275879141532D-001
  -0.343876225226367D-001  -0.343475486124903D-001  -0.343073653912041D-001
  -0.342670731317134D-001  -0.342266707851597D-001  -0.341861583658611D-001
  -0.341455353634529D-001  -0.341048012720040D-001  -0.340639561172030D-001
  -0.340229991357587D-001  -0.339819300997232D-001  -0.339407487801998D-001
  -0.338994546932926D-001  -0.338580476187496D-001  -0.338165268199808D-001
  -0.337748923475485D-001  -0.337331439906645D-001  -0.336912810262411D-001
  -0.336493032557333D-001  -0.336072102241939D-001  -0.335650019977089D-001
  -0.335226781281189D-001  -0.334802379157647D-001  -0.334376816954285D-001
  -0.333950085186316D-001  -0.333522184691217D-001  -0.333093111216267D-001
  -0.332662863096073D-001  -0.332231438719528D-001  -0.331798828858168D-001
  -0.331365037076023D-001  -0.330930059314285D-001  -0.330493891586997D-001
  -0.330056532447146D-001  -0.329617975478249D-001  -0.329178224375881D-001
  -0.328737272769562D-001  -0.328295116900558D-001  -0.327851758021353D-001
  -0.327407192445243D-001  -0.326961416509195D-001  -0.326514426595562D-001
  -0.326066224116561D-001  -0.325616803055050D-001  -0.325166164888037D-001
  -0.324714306178011D-001  -0.324261223512576D-001  -0.323806915999716D-001
  -0.323351380318068D-001  -0.322894615670606D-001  -0.322436618802029D-001
  -0.321977389000888D-001  -0.321516923099090D-001  -0.321055220451590D-001
  -0.320592280435080D-001  -0.320128097576257D-001  -0.319662671348130D-001
  -0.319196003669438D-001  -0.318728089216735D-001  -0.318258927558812D-001
  -0.317788515885268D-001  -0.317316853861535D-001  -0.316843938740265D-001
  -0.316369770270319D-001  -0.315894348203401D-001  -0.315417669938665D-001
  -0.314939730524707D-001  -0.314460534639785D-001  -0.313980079806256D-001
  -0.313498361203710D-001  -0.313015381217529D-001  -0.312531135121402D-001
  -0.312045625377732D-001  -0.311558849710234D-001  -0.311070808283112D-001
  -0.310581496548617D-001  -0.310090917099334D-001  -0.309599067853857D-001
  -0.309105946751797D-001  -0.308611554154310D-001  -0.308115890434169D-001
  -0.307618953676332D-001  -0.307120742005079D-001  -0.306621255920173D-001
  -0.306120495957396D-001  -0.305618460372715D-001  -0.305115147456838D-001
  -0.304610560181777D-001  -0.304104694606063D-001  -0.303597551478823D-001
  -0.303089129254438D-001  -0.302579431050404D-001  -0.302068453114142D-001
  -0.301556196337890D-001  -0.301042661646672D-001  -0.300527847715122D-001
  -0.300011753267138D-001  -0.299494381629160D-001  -0.298975729331548D-001
  -0.298455797496454D-001  -0.297934587276415D-001  -0.297412097610844D-001
  -0.296888327485436D-001  -0.296363280431310D-001  -0.295836953257372D-001
  -0.295309349565047D-001  -0.294780466260682D-001  -0.294250304775255D-001
  -0.293718866591618D-001  -0.293186150982645D-001  -0.292652159494048D-001
  -0.292116891501073D-001  -0.291580346405694D-001  -0.291042528099726D-001
  -0.290503436062995D-001  -0.289963067639766D-001  -0.289421429015842D-001
  -0.288878515422139D-001  -0.288334330920927D-001  -0.287788877401137D-001
  -0.287242152448701D-001  -0.286694160208452D-001  -0.286144898350867D-001
  -0.285594368944561D-001  -0.285042576246260D-001  -0.284489515901486D-001
  -0.283935192257206D-001  -0.283379607519791D-001  -0.282822759640214D-001
  -0.282264650920690D-001  -0.281705285840446D-001  -0.281144660344807D-001
  -0.280582781124750D-001  -0.280019644239921D-001  -0.279455256435074D-001
  -0.278889616004917D-001  -0.278322725500817D-001  -0.277754583319728D-001
  -0.277185196339989D-001  -0.276614563031059D-001  -0.276042686130066D-001
  -0.275469568396759D-001  -0.274895208452553D-001  -0.274319611248908D-001
  -0.273742775488932D-001  -0.273164706202804D-001  -0.272585404269548D-001
  -0.272004870631351D-001  -0.271423108326651D-001  -0.270840118399469D-001
  -0.270255903967974D-001  -0.269670468207777D-001  -0.269083810215593D-001
  -0.268495935301658D-001  -0.267906844705495D-001  -0.267316541749063D-001
  -0.266725025735703D-001  -0.266132302107866D-001  -0.265538372291851D-001
  -0.264943237746606D-001  -0.264346902019223D-001  -0.263749366655883D-001
  -0.263150637287432D-001  -0.262550713546849D-001  -0.261949599124789D-001
  -0.261347297770256D-001  -0.260743809243301D-001  -0.260139141367567D-001
  -0.259533297975232D-001  -0.258926292865599D-001  -0.258318129879060D-001
  -0.257708820809424D-001  -0.257098375443753D-001  -0.256486799618166D-001
  -0.255874105074435D-001  -0.255260299624021D-001  -0.254645393014449D-001
  -0.254029391092630D-001  -0.253412307511440D-001  -0.252794148099246D-001
  -0.252174920653570D-001  -0.251554638768901D-001  -0.250933306349924D-001
  -0.250310933109777D-001  -0.249687530681214D-001  -0.249063106820501D-001
  -0.248437669294746D-001  -0.247811225864578D-001  -0.247183788127242D-001
  -0.246555363826123D-001  -0.245925962616550D-001  -0.245295592242812D-001
  -0.244664260458491D-001  -0.244031978794462D-001  -0.243398753469164D-001
  -0.242764594866850D-001  -0.242129511471216D-001  -0.241493511951651D-001
  -0.240856605165540D-001  -0.240218799760295D-001  -0.239580104589371D-001
  -0.238940528484629D-001  -0.238300080279830D-001  -0.237658768621641D-001
  -0.237016602135822D-001  -0.236373589831894D-001  -0.235729740341540D-001
  -0.235085062468997D-001  -0.234439565012543D-001  -0.233793256595163D-001
  -0.233146145827629D-001  -0.232498241679551D-001  -0.231849552938539D-001
  -0.231200088020655D-001  -0.230549855701652D-001  -0.229898864941195D-001
  -0.229247124318752D-001  -0.228594642419302D-001  -0.227941428009465D-001
  -0.227287490017524D-001  -0.226632836660181D-001  -0.225977477047303D-001
  -0.225321419736081D-001  -0.224664673476035D-001  -0.224007246641560D-001
  -0.223349148319839D-001  -0.222690386887698D-001  -0.222030971074714D-001
  -0.221370909769359D-001  -0.220710211173654D-001  -0.220048884522067D-001
  -0.219386937825083D-001  -0.218724380321970D-001  -0.218061220359236D-001
  -0.217397466473777D-001  -0.216733127706509D-001  -0.216068212237541D-001
  -0.215402729098653D-001  -0.214736686640774D-001  -0.214070093547255D-001
  -0.213402958670712D-001  -0.212735290190116D-001  -0.212067097285676D-001
  -0.211398388125228D-001  -0.210729171382195D-001  -0.210059455898080D-001
  -0.209389250171945D-001  -0.208718562867696D-001  -0.208047402478476D-001
  -0.207375777672269D-001  -0.206703696936654D-001  -0.206031169098857D-001
  -0.205358202643743D-001  -0.204684806061826D-001  -0.204010988163207D-001
  -0.203336757441343D-001  -0.202662122370797D-001  -0.201987091767894D-001
  -0.201311674106546D-001  -0.200635877871991D-001  -0.199959711863026D-001
  -0.199283184562244D-001  -0.198606304441799D-001  -0.197929080303186D-001
  -0.197251520618312D-001  -0.196573633866494D-001  -0.195895428831737D-001
  -0.195216913997568D-001  -0.194538097831864D-001  -0.193858989123010D-001
  -0.193179596348439D-001  -0.192499928129465D-001  -0.191819992940932D-001
  -0.191139799412111D-001  -0.190459356171686D-001  -0.189778671686328D-001
  -0.189097754591488D-001  -0.188416613507744D-001  -0.187735256910779D-001
  -0.187053693577139D-001  -0.186371931829246D-001  -0.185689980448885D-001
  -0.185007847753164D-001  -0.184325542678645D-001  -0.183643073394920D-001
  -0.182960448831666D-001  -0.182277677468144D-001  -0.181594767784620D-001
  -0.180911728413167D-001  -0.180228567974752D-001  -0.179545294959288D-001
  -0.178861918146751D-001  -0.178178445877177D-001  -0.177494886925807D-001
  -0.176811249785632D-001  -0.176127542945885D-001  -0.175443775190818D-001
  -0.174759955018798D-001  -0.174076091064277D-001  -0.173392191979993D-001
  -0.172708266107838D-001  -0.172024322395230D-001  -0.171340369199025D-001
  -0.170656415163927D-001  -0.169972468804927D-001  -0.169288539064884D-001
  -0.168604634172370D-001  -0.167920762927025D-001  -0.167236933991481D-001
  -0.166553155890044D-001  -0.165869437286990D-001  -0.165185786716918D-001
  -0.164502212849476D-001  -0.163818724503375D-001  -0.163135329935030D-001
  -0.162452038107377D-001  -0.161768857570468D-001  -0.161085797009520D-001
  -0.160402864834710D-001  -0.159720069888739D-001  -0.159037420869909D-001
  -0.158354926342337D-001  -0.157672595011198D-001  -0.156990435593783D-001
  -0.156308456662871D-001  -0.155626666803819D-001  -0.154945075013863D-001
  -0.154263689612915D-001  -0.153582519467578D-001  -0.152901573321127D-001
  -0.152220859771073D-001  -0.151540387572336D-001  -0.150860165470182D-001
  -0.150180202095158D-001  -0.149500506070227D-001  -0.148821086429902D-001
  -0.148141951547857D-001  -0.147463110467199D-001  -0.146784571706663D-001
  -0.146106344057649D-001  -0.145428436313613D-001  -0.144750857275076D-001
  -0.144073615614984D-001  -0.143396720278410D-001  -0.142720179696523D-001
  -0.142044002952790D-001  -0.141368198747282D-001  -0.140692775920953D-001
  -0.140017743062981D-001  -0.139343109274349D-001  -0.138668883294925D-001
  -0.137995073729949D-001  -0.137321689708782D-001  -0.136648739855624D-001
  -0.135976233187608D-001  -0.135304178469073D-001  -0.134632584482069D-001
  -0.133961460254766D-001  -0.133290814465709D-001  -0.132620656157781D-001
  -0.131950994267753D-001  -0.131281837609804D-001  -0.130613195018895D-001
  -0.129945075454831D-001  -0.129277487994393D-001  -0.128610441384123D-001
  -0.127943944723780D-001  -0.127278006889026D-001  -0.126612636761766D-001
  -0.125947843471558D-001  -0.125283635806687D-001  -0.124620023033285D-001
  -0.123957013954670D-001  -0.123294617503560D-001  -0.122632842974899D-001
  -0.121971699205224D-001  -0.121311195273581D-001  -0.120651340272698D-001
  -0.119992143185876D-001  -0.119333613124727D-001  -0.118675759212438D-001
  -0.118018590467101D-001  -0.117362116032050D-001  -0.116706345062908D-001
  -0.116051286724354D-001  -0.115396949970542D-001  -0.114743344212429D-001
  -0.114090478316068D-001  -0.113438361717006D-001  -0.112787003527649D-001
  -0.112136412874473D-001  -0.111486599004206D-001  -0.110837571179720D-001
  -0.110189338562880D-001  -0.109541910549859D-001  -0.108895296221628D-001
  -0.108249504890665D-001  -0.107604545988587D-001  -0.106960428744971D-001
  -0.106317162404120D-001  -0.105674756332286D-001  -0.105033219907232D-001
  -0.104392562414855D-001  -0.103752793366916D-001  -0.103113921973172D-001
  -0.102475957773366D-001  -0.101838910111346D-001  -0.101202788451031D-001
  -0.100567602168709D-001  -0.999333607553942D-002  -0.993000737209250D-002
  -0.986677505866924D-002  -0.980364007911214D-002  -0.974060338877875D-002
  -0.967766593445650D-002  -0.961482868496159D-002  -0.955209258027036D-002
  -0.948945859220620D-002  -0.942692767423910D-002  -0.936450078153201D-002
  -0.930217890045919D-002  -0.923996297018102D-002  -0.917785398010231D-002
  -0.911585288265747D-002  -0.905396065147875D-002  -0.899217826169663D-002
  -0.893050669040741D-002  -0.886894689742544D-002  -0.880749988227757D-002
  -0.874616660862178D-002  -0.868494806995227D-002  -0.862384523374742D-002
  -0.856285909723323D-002  -0.850199064119594D-002  -0.844124085713306D-002
  -0.838061073895022D-002  -0.832010127288040D-002  -0.825971345662292D-002
  -0.819944828055700D-002  -0.813930675538103D-002  -0.807928986662466D-002
  -0.801939862874668D-002  -0.795963404943359D-002  -0.789999712043912D-002
  -0.784048886255756D-002  -0.778111028080345D-002  -0.772186239107077D-002
  -0.766274621411214D-002  -0.760376275711528D-002  -0.754491304341842D-002
  -0.748619809508523D-002  -0.742761893728744D-002  -0.736917659477142D-002
  -0.731087209716164D-002  -0.725270647381067D-002  -0.719468075900706D-002
  -0.713679598827678D-002  -0.707905319894907D-002  -0.702145343131941D-002
  -0.696399772735242D-002  -0.690668713211888D-002  -0.684952269408044D-002
  -0.679250546157683D-002  -0.673563648707423D-002  -0.667891682552275D-002
  -0.662234753511333D-002  -0.656592967352001D-002  -0.650966430464723D-002
  -0.645355249210442D-002  -0.639759530424787D-002  -0.634179381052012D-002
  -0.628614908466445D-002  -0.623066219961246D-002  -0.617533423526531D-002
  -0.612016627239915D-002  -0.606515939227121D-002  -0.601031468335229D-002
  -0.595563323253953D-002  -0.590111613217037D-002  -0.584676447706692D-002
  -0.579257936363024D-002  -0.573856189216965D-002  -0.568471316510640D-002
  -0.563103428905445D-002  -0.557752637209594D-002  -0.552419052535928D-002
  -0.547102786420815D-002  -0.541803950561630D-002  -0.536522657035568D-002
  -0.531259018194236D-002  -0.526013146581016D-002  -0.520785155309539D-002
  -0.515575157519998D-002  -0.510383266816678D-002  -0.505209597169583D-002
  -0.500054262666652D-002  -0.494917377848641D-002  -0.489799057637046D-002
  -0.484699417152352D-002  -0.479618571820284D-002  -0.474556637487738D-002
  -0.469513730313113D-002  -0.464489966710292D-002  -0.459485463583293D-002
  -0.454500338019535D-002  -0.449534707527605D-002  -0.444588689875315D-002
  -0.439662403258071D-002  -0.434755966195824D-002  -0.429869497573347D-002
  -0.425003116554570D-002  -0.420156942663587D-002  -0.415331095899221D-002
  -0.410525696556769D-002  -0.405740865177745D-002  -0.400976722840738D-002
  -0.396233390928732D-002  -0.391510991146748D-002  -0.386809645553208D-002
  -0.382129476713584D-002  -0.377470607440801D-002  -0.372833160999116D-002
  -0.368217261013338D-002  -0.363623031458656D-002  -0.359050596733158D-002
  -0.354500081584382D-002  -0.349971611253882D-002  -0.345465311270465D-002
  -0.340981307613893D-002  -0.336519726612697D-002  -0.332080695106702D-002
  -0.327664340169930D-002  -0.323270789462165D-002  -0.318900170985828D-002
  -0.314552613058943D-002  -0.310228244578939D-002  -0.305927194745078D-002
  -0.301649593239457D-002  -0.297395570215937D-002  -0.293165256061962D-002
  -0.288958781839087D-002  -0.284776278889645D-002  -0.280617879002406D-002
  -0.276483714494236D-002  -0.272373917987703D-002  -0.268288622687871D-002
  -0.264227962204522D-002  -0.260192070541948D-002  -0.256181082167657D-002
  -0.252195132096604D-002  -0.248234355714201D-002  -0.244298888902156D-002
  -0.240388867981826D-002  -0.236504429819079D-002  -0.232645711658245D-002
  -0.228812851237356D-002  -0.225005986841524D-002  -0.221225257156945D-002
  -0.217470801400144D-002  -0.213742759228293D-002  -0.210041270828728D-002
  -0.206366476886448D-002  -0.202718518583125D-002  -0.199097537551266D-002
  -0.195503675934923D-002  -0.191937076496252D-002  -0.188397882356788D-002
  -0.184886237228785D-002  -0.181402285320423D-002  -0.177946171360952D-002
  -0.174518040607252D-002  -0.171118038826688D-002  -0.167746312342424D-002
  -0.164403007973537D-002  -0.161088273105570D-002  -0.157802255639466D-002
  -0.154545104029674D-002  -0.151316967281271D-002  -0.148117994925858D-002
  -0.144948337075171D-002  -0.141808144369273D-002  -0.138697568025395D-002
  -0.135616759816199D-002  -0.132565872077041D-002  -0.129545057717828D-002
  -0.126554470213668D-002  -0.123594263621896D-002  -0.120664592574394D-002
  -0.117765612285864D-002  -0.114897478564970D-002  -0.112060347800849D-002
  -0.109254376979254D-002  -0.106479723680933D-002  -0.103736546089976D-002
  -0.101025002999751D-002  -0.983452537952822D-003  -0.956974584895938D-003
  -0.930817777010277D-003  -0.904983726730920D-003  -0.879474052633279D-003
  -0.854290379608179D-003  -0.829434338868746D-003  -0.804907567899737D-003
  -0.780711710581147D-003  -0.756848417244955D-003  -0.733319344604117D-003
  -0.710126155916554D-003  -0.687270520911249D-003  -0.664754115900214D-003
  -0.642578623808317D-003  -0.620745734201706D-003  -0.599257143293286D-003
  -0.578114554037930D-003  -0.557319676160050D-003  -0.536874226122969D-003
  -0.516779927295198D-003  -0.497038509894436D-003  -0.477651711007969D-003
  -0.458621274748333D-003  -0.439948952178103D-003  -0.421636501400634D-003
  -0.403685687609665D-003  -0.386098283095319D-003  -0.368876067324373D-003
  -0.352020826952584D-003  -0.335534355871055D-003  -0.319418455257573D-003
  -0.303674933611330D-003  -0.288305606797453D-003  -0.273312298086988D-003
  -0.258696838192903D-003  -0.244461065331277D-003  -0.230606825239362D-003
  -0.217135971238767D-003  -0.204050364269858D-003  -0.191351872924927D-003
  -0.179042373516313D-003  -0.167123750095033D-003  -0.155597894514812D-003
  -0.144466706452205D-003  -0.133732093476334D-003  -0.123395971072779D-003
  -0.113460262704836D-003  -0.103926899839828D-003  -0.947978220124699D-004
  -0.860749768565029D-004  -0.777603201548948D-004  -0.698558158874567D-004
  -0.623634362711564D-004  -0.552851618104428D-004  -0.486229813415356D-004
  -0.423788920782875D-004  -0.365548996588941D-004  -0.311530181925306D-004
  -0.261752703072603D-004  -0.216236871949288D-004  -0.175003086606086D-004
  -0.138071831675019D-004  -0.105463678872550D-004  -0.771992874644249D-005
  -0.532994047450647D-005  -0.337848665235833D-005  -0.186765976091414D-005
  -0.799561229299089D-006  -0.176301484529642D-006  -0.462149967811115D-017

