        2000    0.000000000000000         4.50000000000000         444.667
   1      0 
    17.0996813366635         17.1911463267591
    17.2818017397296         17.3716475755749         17.4607010593403
    17.5489363534579         17.6363792954957         17.7230298854534
    17.8088795108087         17.8939540091293         17.9782361553699
    18.0617173370080         18.1444406166566         18.2263801567479
    18.3075359572819         18.3879252433038         18.4675566273361
    18.5464214968564         18.6245112393420         18.7018603048833
    18.7784428559125         18.8542847299974         18.9293687020928
    19.0037033847214         19.0772973904057         19.1501593316682
    19.2222805959866         19.2936697958832         19.3643269313582
    19.4342520024115         19.5034450090431         19.5719231762983
    19.6396951166997         19.7067349926794         19.7730772543278
    19.8386874515546         19.9036172594953         19.9678236155370
    20.0313409697700         20.0941520971493         20.1562656101972
    20.2176901214366         20.2784256308673         20.3384807510120
    20.3978468693480         20.4565412109207         20.5145465506847
    20.5718887262079         20.6285332873999         20.6845405219189
    20.7398673671518         20.7945396606666         20.8485401774180
    20.9018775299285         20.9545861682887         21.0066230298855
    21.0580139522866         21.1087675480148         21.1588665920248
    21.2083283093618         21.2571613125484         21.3053483765395
    21.3529067263802         21.3998363620704         21.4461458961330
    21.4918181035225         21.5368788218069         21.5813194384635
    21.6251399534924         21.6683575919387         21.7109551287572
    21.7529497889932         21.7943501851692         21.8351477047627
    21.8753251227284         21.9149255016794         21.9539316165705
    21.9923348548790         22.0301524416502         22.0673929894066
    22.1040478856257         22.1401257428301         22.1756093359745
    22.2105417276720         22.2448884678322         22.2786667815003
    22.3118852811989         22.3445267418827         22.3766170011196
    22.4081474463870         22.4391266902076         22.4695375075360
    22.4993971234174         22.5287141503746         22.5574885884075
    22.5857204375161         22.6134010851778         22.6405649814831
    22.6671690638188         22.6932477822754         22.7188011368530
    22.7438205150289         22.7683145293256         22.7922917922660
    22.8157436913272         22.8386788390320         22.8610886228576
    22.8830074928947         22.9044009990526         22.9252777538541
    22.9456722073895         22.9655412970459         22.9849194729136
    23.0037981224701         23.0221772457153         23.0400740676944
    23.0574713633623         23.0743863577642         23.0908018258548
    23.1067522177246         23.1222030832831         23.1371974851434
    23.1517009732151         23.1657307725433         23.1792954956507
    23.1923865300146         23.2050038756352         23.2171647575575
    23.2288605632590         23.2400999052623         23.2508913960899
    23.2612091981741         23.2710791490828         23.2805098613384
    23.2894841098958         23.2980105072776         23.3060976660064
    23.3137455860822         23.3209542675050         23.3277237102747
    23.3340539143915         23.3399621049005         23.3454396692791
    23.3504866075273         23.3551029196452         23.3593144432004
    23.3630867281027         23.3664456119197         23.3693910946516
    23.3719317888209         23.3740504693825         23.3757557488588
    23.3770648522952         23.3779605546465         23.3784600809577
    23.3785548187064         23.3782619929377         23.3775643786065
    23.3764705882353         23.3749806218241         23.3731203169408
    23.3708552234950         23.3682025665317         23.3651795710964
    23.3617690121437         23.3579795021962         23.3538110412540
    23.3492722418396         23.3443717164758         23.3390922401171
    23.3334424252864         23.3274222719835         23.3210490052536
    23.3142967875291         23.3072086814228         23.2997502368444
    23.2919300663164         23.2837653948842         23.2752389975024
    23.2663767117389         23.2571613125484         23.2476014124537
    23.2376970114547         23.2274567220739         23.2168719317888
    23.2059426405994         23.1946946860736         23.1831022306434
    23.1711738868315         23.1589354922057         23.1463525966756
    23.1334510378090         23.1202308156059         23.1066833175437
    23.0928257686676         23.0786323314099         23.0641460683834
    23.0493325294979         23.0342089397985         23.0187752992852
    23.0030402204806         22.9869950908621         22.9706485229524
    22.9540005167514         22.9370510722591         22.9198001894755
    22.9022564809233         22.8844285591250         22.8662905865128
    22.8478770131772         22.8291706140729         22.8101713891999
    22.7908879510809         22.7713289122384         22.7514942726725
    22.7313668073379         22.7109723538024         22.6903022995435
    22.6693480320386         22.6481267763328         22.6266385324261
    22.6048833003187         22.5828524674877         22.5605718715012
    22.5380242873138         22.5152011024029         22.4921367668590
    22.4688140556369         22.4452329687365         22.4213935061580
    22.3973128929463         22.3729652915339         22.3483765394884
    22.3235466368099         22.2984669709758         22.2731461545087
    22.2475927999311         22.2217810696753         22.1957368013091
    22.1694686073551         22.1429506502455         22.1162173800706
    22.0892343467402         22.0620273878219         22.0346051158384
    22.0069503057446         21.9790543450177         21.9509516837482
    21.9226337094135         21.8940831969684         21.8653259839807
    21.8363448454052         21.8071570062871         21.7777366290587
    21.7481267763328         21.7183102230643         21.6882611316855
    21.6580139522866         21.6275859099130         21.5969339419516
    21.5660924984928         21.5350357419688         21.5037895099475
    21.4723451899061         21.4407027818448         21.4088708982861
    21.3768495392300         21.3446387046766         21.3122297821032
    21.2796399965550         21.2468779605546         21.2139092240117
    21.1807768495392         21.1474377745242         21.1139436741021
    21.0802600981828         21.0464128843338         21.0123761949875
    20.9781758677117         20.9438032899836         20.9092584618035
    20.8745413831711         20.8396606666092         20.8046163121178
    20.7693997071742         20.7340280768237         20.6985014210662
    20.6628025148566         20.6269399707174         20.5909310136939
    20.5547584187408         20.5184480234261         20.4819653776591
    20.4453535440531         20.4085694599948         20.3716561880975
    20.3345878907932         20.2973731806046         20.2600206700543
    20.2225045215744         20.1848764103006         20.1470932736198
    20.1091637240548         20.0711135991732         20.0329256739299
    19.9945999483249         19.9561364223581         19.9175437085522
    19.8788218069072         19.8399707174231         19.8009990526225
    19.7618895874602         19.7226681595039         19.6833089311859
    19.6438377400741         19.6042373611231         19.5645336319008
    19.5246921023168         19.4847472224615         19.4446817672896
    19.4045129618465         19.3642149685643         19.3238050124882
    19.2833003186633         19.2426836620446         19.2019464301094
    19.1611058479029         19.1201705279476         19.0791232451985
    19.0379812247007         18.9967272414090         18.9553871328912
    18.9139350615795         18.8723882525192         18.8307380931875
    18.7890018086297         18.7471793988459         18.7052536387908
    18.6632417535096         18.6211351304797         18.5789423822238
    18.5366548962191         18.4942812849884         18.4518301610542
    18.4092929118939         18.3666695375075         18.3239686504177
    18.2811902506244         18.2383257256050         18.1953836878822
    18.1523641374559         18.1092756868487         18.0661011110154
    18.0228576350013         17.9795366462837         17.9361553699078
    17.8927051933511         17.8491688915683         17.8055723021273
    17.7619154250280         17.7181896477478         17.6743949702868
    17.6305400051675         17.5866247523900         17.5426492119542
    17.4985961588149         17.4545000430626         17.4103436396521
    17.3661355611058         17.3218585823788         17.2775385410387
    17.2331668245629         17.1887348204289         17.1442511411592
    17.0997157867539         17.0551373697356         17.0104986650590
    16.9658341228146         16.9211006803893         16.8763327878736
    16.8315046076996         16.7866592024804         16.7417535096030
    16.6968133666351         16.6518301610542         16.6068038928602
    16.5617603996211         16.5166480062010         16.4715183877358
    16.4263629317027         16.3811558005340         16.3359228317974
    16.2906468004479         16.2453535440531         16.2000258375678
    16.1546636809922         16.1092756868487         16.0638618551374
    16.0184135733356         15.9729566790113         15.9274653345965
    15.8819395400913         15.8364137455861         15.7908448884678
    15.7452588063044         15.6996641116183         15.6540521918870
    15.6084058220653         15.5627594522436         15.5170872448540
    15.4713891998966         15.4256825424167         15.3799844974593
    15.3342433898889         15.2885108948411         15.2427611747481
    15.1970028421325         15.1512272844716         15.1054431142882
    15.0596589441047         15.0138661613987         14.9680733786926
    14.9222719834640         14.8764619757127         14.8306519679614
    14.7848333476875         14.7390147274137         14.6932133321850
    14.6473860993885         14.6015760916372         14.5557574713634
    14.5099474636121         14.4641546809060         14.4183446731548
    14.3725432779261         14.3267504952200         14.2809663250366
    14.2351907673758         14.1894152097149         14.1436568770993
    14.0978985444837         14.0521574369133         14.0064421669107
    13.9607182843855         13.9150116269055         13.8693135819482
    13.8236413745586         13.7779777796917         13.7323314098700
    13.6867022650934         13.6410903453622         13.5954956506761
    13.5499181810352         13.5043665489622         13.4588321419344
    13.4133149599518         13.3678150030144         13.3223408836448
    13.2769012143657         13.2314701576092         13.1860735509431
    13.1406941693222         13.0953578503144         13.0500301438291
    13.0047282749117         12.9594608560847         12.9142278873482
    12.8690207561795         12.8238394625786         12.7786926190681
    12.7335716131255         12.6884850572733         12.6434329515115
    12.5984152958402         12.5534234777366         12.5084747222461
    12.4635604168461         12.4186719490139         12.3738351563173
    12.3290328137111         12.2842563086728         12.2395314787701
    12.1948410989579         12.1501851692361         12.1055809146499
    12.0610111101542         12.0164757557489         11.9719834639566
    11.9275428473000         11.8831366807338         11.8387821893032
    11.7944707604857         11.7501937817587         11.7059684781673
    11.6618034622341         11.6176642838687         11.5735767806390
    11.5295495650676         11.4855567995866         11.4416157092412
    11.3977349065541         11.3538971664801         11.3101024890190
    11.2663680992163         11.2226853845491         11.1790543450177
    11.1354663680992         11.0919472913616         11.0484798897597
    11.0050469382482         10.9616914994402         10.9183877357678
    10.8751356472311         10.8319352338300         10.7887951080872
    10.7457238825252         10.7026957195763         10.6597278442856
    10.6168202566532         10.5739729566790         10.5311945568857
    10.4884592197055         10.4457927827061         10.4031952458875
    10.3606407716820         10.3181638101800         10.2757471363362
    10.2333907501507         10.1911118766687         10.1488846783223
    10.1067263801567         10.0646197571269         10.0225906468004
    9.98063043665490         9.93872190164499         9.89689087933856
    9.85512875721299         9.81343553526828         9.77180260098183
    9.73024717939884         9.68875204547412         9.64733442425286
    9.60597709068986         9.56468865730773         9.52347773662906
    9.48233571613125         9.44127120833692         9.40027560072345
    9.35934028076824         9.31849969856171         9.27771079149083
    9.23700800964603         9.19637412798209         9.15581775902162
    9.11533029024201         9.07492033416588         9.03459650331582
    8.99433296012402         8.95414692963569         8.91404702437344
    8.87401601929205         8.83406252691413         8.79418654723969
    8.75438808026871         8.71467573852381         8.67503229695978
    8.63546636809922         8.59598656446473         8.55658513478598
    8.51725949530617         8.47801739729567         8.43885539574541
    8.39977090689863         8.36077168202567         8.32184996985617
    8.28301352166049         8.24425975368185         8.20558349840668
    8.16699336835759         8.12848591852554         8.09006028765826
    8.05171992076479         8.01346051158384         7.97528808888123
    7.93720006890018         7.89919386788390         7.86127551459823
    7.82344328653863         7.78569287744380         7.74802945482732
    7.71045474119370         7.67296098527259         7.63555766083886
    7.59824046163121         7.56101197140643         7.52386960640772
    7.48681336663509         7.44984755834984         7.41296959779520
    7.37617690121437         7.33947463612092         7.30286021875807
    7.26633795538713         7.22990440099905         7.19355697183705
    7.15730255791921         7.12113857548876         7.08505985703213
    7.04907587632418         7.01318318835587         6.97737748686590
    6.94166652312462         6.90604340711394         6.87051502885195
    6.83507708207734         6.79973128929463         6.76447592799931
    6.72931530445267         6.69424597364568         6.65926879683059
    6.62438377400741         6.58959435018517         6.55489621910257
    6.52029196451641         6.48578244767893         6.45136508483335
    6.41704159848420         6.38281284988373         6.34867883903195
    6.31463784342434         6.28069244681767         6.24683920420291
    6.21308500559814         6.17942468348979         6.14585737662561
    6.11238739126690         6.07901300490914         6.04573249504780
    6.01254844543967         5.97945827232797         5.94646886573077
    5.91357333563001         5.88077168202567         5.84807079493584
    5.81546636809922         5.78295495650676         5.75054172767203
    5.71822668159504         5.68600551201447         5.65388597020067
    5.62185944363104         5.58993368357592         5.55810524502627
    5.52637154422530         5.49473774868659         5.46320213590561
    5.43176126087331         5.40042201360779         5.36917750409095
    5.33803289983636         5.30698733959177         5.27603823960038
    5.24518990612350         5.21443889415210         5.18378606493842
    5.15323141848247         5.12277839979330         5.09241839634829
    5.06216260442684         5.03200327275859         5.00194470760486
    4.97198432520885         4.94212126431832         4.91236155369908
    4.88269830333305         4.85313237447248         4.82366893463095
    4.79430281629489         4.76503660322108         4.73587201791405
    4.70680389286022         4.67783653432090         4.64897080354836
    4.62020067177676         4.59153302902420         4.56296529153389
    4.53449487554905         4.50612694858324         4.47785634312290
    4.44968650417707         4.42161829299802         4.39364826457669
    4.36577728016536         4.33800792352080         4.31033674963397
    4.28276720351391         4.25529584015158         4.22792352079924
    4.20065455171820         4.17348118163810         4.14641202308156
    4.11944104728275         4.09256911549393         4.06579795021962
    4.03912669020756         4.01255533545776         3.98608302471794
    3.95970889673585         3.93343811902506         3.90726638532426
    3.88119283438119         3.85522091120489         3.82934889329084
    3.80357419688227         3.77790112824046         3.75232796486091
    3.72685126173456         3.70147704762725         3.67620101627767
    3.65102661269486         3.62595039186978         3.60097149255017
    3.57609422099733         3.55131771595900         3.52663853242615
    3.50205925415554         3.47757729739041         3.45319696839204
    3.42891396089915         3.40472999741624         3.38064766170011
    3.35666178623719         3.33277495478426         3.30898802859358
    3.28529928516062         3.26170700198088         3.23821720782017
    3.21482301266041         3.19152958401516         3.16833175437086
    3.14523296873654         3.12223494961674         3.09933252949789
    3.07652743088451         3.05382396003789         3.03121436568771
    3.00870553785204         2.98629230901731         2.96397640168805
    2.94175953836879         2.91963999655499         2.89761691499440
    2.87569201619154         2.85386443889415         2.83213332184997
    2.81049952631126         2.78895874601671         2.76752045474119
    2.74617690121437         2.72492808543622         2.70377659116355
    2.68272327964861         2.66176470588235         2.64090173111704
    2.62013435535268         2.59946430109379         2.57888812333132
    2.55840840582207         2.53802428731375         2.51773490655413
    2.49754198604771         2.47744294203772         2.45743949702868
    2.43753078976832         2.41771595900439         2.39799672724141
    2.37837137197485         2.35883989320472         2.33940401343554
    2.32006201016278         2.30081302213418         2.28165704934975
    2.26259495306175         2.24362673327017         2.22475238997502
    2.20597106192404         2.18728102661269         2.16868572905004
    2.15018344673155         2.13177159590044         2.11345534407028
    2.09522952372750         2.07709327361984         2.05905090000861
    2.04110068038929         2.02324261476186         2.00547498062182
    1.98779863922143         1.97021445181294         1.95272155714409
    1.93531737145810         1.91800361725950         1.90078029454827
    1.88364912582896         1.86660666609250         1.84965463784342
    1.83279217982947         1.81601929205064         1.79933511325467
    1.78274050469382         1.76623632762036         1.74981827577297
    1.73349065541297         1.71725002153131         1.70109895788476
    1.68503746447334         1.66906037378348         1.65317285332874
    1.63737231935234         1.62165877185428         1.60603479459134
    1.59049522004995         1.57504349323917         1.55967789165447
    1.54439841529584         1.52920592541555         1.51409697700456
    1.49907587632418         1.48414003961760         1.46928860563259
    1.45452243562139         1.43984152958402         1.42524588752045
    1.41073464817845         1.39630695030574         1.38196365515459
    1.36770390147274         1.35352855051245         1.33943587976918
    1.32542675049522         1.31150030143829         1.29765653259840
    1.28389630522780         1.27021703556972         1.25662130738093
    1.24310739815692         1.22967358539316         1.21632245284644
    1.20305227801223         1.18986219963827         1.17675480148135
    1.16372663853243         1.15077943329601         1.13791232451985
    1.12512445095168         1.11241667384377         1.09978899319611
    1.08723796399966         1.07476875376798         1.06237791749203
    1.05006459391956         1.03782964430282         1.02567220738954
    1.01359314443200         1.00159159417793        0.989666695375075
   0.977819309275687        0.966049435879769        0.954355352682801
   0.942737920937042        0.931196279390233        0.919731289294634
   0.908341228145724        0.897026095943502        0.885786753940229
   0.874621479631384        0.863531134269227        0.852515545603307
   0.841574455257945        0.830705968478167        0.819912066144174
   0.809190767375764        0.798543622427009        0.787968392042029
   0.777465765222634        0.767036258720179        0.756678150030144
   0.746392042029110        0.736177417965722        0.726034191714753
   0.715962449401430        0.705961071397813        0.696030660580484
   0.686170527947636        0.676379209370425        0.666658771854276
   0.657007665145121        0.647425803117733        0.637912669020756
   0.628467746102834        0.619092153991904        0.609784773060029
   0.600545000430626        0.591372922228921        0.582267504952200
   0.573230212729308        0.564259667556627        0.555355697183705
   0.546517957109637        0.537746361209198        0.529039445353544
   0.520399104297649        0.511823960037895        0.503313668073379
   0.494868314529326        0.486486263026440        0.478169236069245
   0.469916200155025        0.461726638532426        0.453600378950995
   0.445537421410731        0.437536215657566        0.429598398070795
   0.421722762897253        0.413908965636035        0.406157006287142
   0.398465506846955        0.390836189819998        0.383267418826974
   0.375759279993110        0.368311514942727        0.360923606924468
   0.353594694686074        0.346326156231160        0.339116699681337
   0.331966066660925        0.324874084919473        0.317839462578589
   0.310863922142796        0.303945999483249        0.297085608474722
   0.290282490741538        0.283535440530531        0.276845835845319
   0.270212470932736        0.263635173542331        0.257113599173198
   0.250647661700112        0.244236155369908        0.237880372060977
   0.231579278270605        0.225332357247438        0.219139608991474
   0.213000000000000        0.206914477650504        0.200882352941176
   0.194903022995435        0.188976401688054        0.183102058392903
   0.177279131857721        0.171508741710447        0.165789854448368
   0.160122125570580        0.154505296701404        0.148938592713806
   0.143422874860047        0.137957109637413        0.132541210920679
   0.127174748083714        0.121857635001292        0.116588752045474
   0.111368960468521        0.106197743519077        0.101074412195332
   0.959989664972870D-001   0.909704590474550D-001   0.859896735853932D-001
   0.810557746964086D-001   0.761684953923004D-001   0.713275256222548D-001
   0.665321074842821D-001   0.617829644302816D-001   0.570792868831281D-001
   0.524207820170528D-001   0.478071742313324D-001   0.432381879252433D-001
   0.387130565842735D-001   0.342324175350960D-001   0.297955214882439D-001
   0.254020670054259D-001   0.210517698733959D-001   0.167439152527775D-001
   0.124791060201533D-001   0.825662991990354D-002   0.407613900611489D-002
  -0.625859615881492D-004  -0.415990353974679D-002  -0.821647058823529D-002
  -0.122317199207648D-001  -0.162063991042977D-001  -0.201407889070709D-001
  -0.240351563172853D-001  -0.278901989492722D-001  -0.317054258892430D-001
  -0.354814227887348D-001  -0.392186116613556D-001  -0.429172250452157D-001
  -0.465775040909482D-001  -0.502001722504522D-001  -0.537847041598484D-001
  -0.573317802084230D-001  -0.608417448970804D-001  -0.643148049263629D-001
  -0.677516579106020D-001  -0.711518043234863D-001  -0.745159159417794D-001
  -0.778443372663853D-001  -0.811372749978469D-001  -0.843950219619327D-001
  -0.876182068727931D-001  -0.908064766170011D-001  -0.939603823960038D-001
  -0.970802687107054D-001  -0.100166393936784       -0.103219274825596
  -0.106238653001464       -0.109225131340970       -0.112178882094566
  -0.115100422013608       -0.117990009473775       -0.120847558349841
  -0.123673671518388       -0.126468521229868       -0.129232107484282
  -0.131965291533890       -0.134668331754371       -0.137340883644820
  -0.139983550081819       -0.142596589441047       -0.145180260098183
  -0.147735251055034       -0.150261217810697       -0.152758677116527
  -0.155227887348204       -0.157669193006632       -0.160082766342262
  -0.162469296356903       -0.164828352424425       -0.167160451296185
  -0.169466109723538       -0.171745413831711       -0.173998794246835
  -0.176226250968909       -0.178428214624063       -0.180604943587977
  -0.182756696236328       -0.184883644819568       -0.186986478339506
  -0.189064852295237       -0.191119197312893       -0.193150116269055
  -0.195157523038498       -0.197142020497804       -0.199103522521747
  -0.201042287486005       -0.202958832141934       -0.204853242614762
  -0.206726121781070       -0.208577125139954       -0.210406941693222
  -0.212215657566101       -0.214003703384721       -0.215771079149083
  -0.217518387735768       -0.219245543019550       -0.220953061751787
  -0.222640943932478       -0.224309620187753       -0.225959348893291
  -0.227590302299544       -0.229202652656963       -0.230797002842132
  -0.232373180604599       -0.233931616570493       -0.235472741365946
  -0.236996382740505       -0.238503229695978       -0.239993196107140
  -0.241466626474894       -0.242924037550599       -0.244365257083800
  -0.245790715700629       -0.247200585651537       -0.248595125312204
  -0.249974679183533       -0.251339505641202       -0.252689690810438
  -0.254025579192145       -0.255347343036775       -0.256655240720007
  -0.257949616742744       -0.259230557230213       -0.260498234432865
  -0.261753078976832       -0.262995263112566       -0.264225045215744
  -0.265442339161140       -0.266647833950564       -0.267841529584015
  -0.269023598311946       -0.270194470760486       -0.271354319180088
  -0.272502971320300       -0.273641288433382       -0.274769012143657
  -0.275886573077254       -0.276994229609853       -0.278092067866678
  -0.279180432348635       -0.280259323055723       -0.281329170614073
  -0.282390233399363       -0.283442597536819       -0.284486435276893
  -0.285522091120489       -0.286549565067608       -0.287569201619154
  -0.288581517526483       -0.289586168288692       -0.290583584531909
  -0.291574024631815       -0.292557833089312       -0.293534923779175
  -0.294505727327534       -0.295470157609164       -0.296428645250194
  -0.297381448626303       -0.298328653862716       -0.299270519335113
  -0.300207045043493       -0.301138661613987       -0.302065369046594
  -0.302987511842219       -0.303905262251313       -0.304818878649556
  -0.305728274911722       -0.306633881663939       -0.307535871156662
  -0.308434157264663       -0.309329428989751       -0.310221427956248
  -0.311110498665059       -0.311996641116183       -0.312879855309620
  -0.313760141245371       -0.314637498923435       -0.315511756093360
  -0.316383085005598       -0.317251485660150       -0.318116871931789
  -0.318979243820515       -0.319838601326329       -0.320694858324003
  -0.321548187063991       -0.322398329170614       -0.323245629144777
  -0.324089742485574       -0.324930755318233       -0.325768581517526
  -0.326603565584360       -0.327435190767376       -0.328263801567479
  -0.329089311859444       -0.329911549392817       -0.330730772543278
  -0.331546550684696       -0.332359658944105       -0.333169322194471
  -0.333975626561020       -0.334778916544656       -0.335578933769701
  -0.336375850486608       -0.337169494444923       -0.337959779519421
  -0.338746877960555       -0.339530703643097       -0.340311256567048
  -0.341088622857635       -0.341862544139178       -0.342633278787357
  -0.343400654551718       -0.344164585307036       -0.344925329428990
  -0.345682714667126       -0.346436654896219       -0.347187322366721
  -0.347934544828180       -0.348678408405822       -0.349418913099647
  -0.350155972784429       -0.350889673585393       -0.351619843252089
  -0.352346654034967       -0.353070019808802       -0.353789854448368
  -0.354506244078891       -0.355219188700370       -0.355928688312807
  -0.356634484540522       -0.357336921884420       -0.358036000344501
  -0.358731375419860       -0.359423133235725       -0.360111446042546
  -0.360796141589872       -0.361477392128154       -0.362154939281716
  -0.362828869175782       -0.363499181810352       -0.364166049435880
  -0.364829213676686       -0.365488674532771       -0.366144604254586
  -0.366796830591680       -0.367445439669279       -0.368090345362157
  -0.368731547670313       -0.369369046593747       -0.370002928257687
  -0.370633020411679       -0.371259409180949       -0.371882008440272
  -0.372500904314874       -0.373116010679528       -0.373727413659461
  -0.374335027129446       -0.374938851089484       -0.375538885539574
  -0.376135044354491       -0.376727499784687       -0.377315993454483
  -0.377900697614331       -0.378481612264232       -0.379058651278960
  -0.379631900783740       -0.380201102402894       -0.380766428386874
  -0.381327964860908       -0.381885625699767       -0.382439238653002
  -0.382988975971062       -0.383534751528723       -0.384076823701662
  -0.384614675738524       -0.385148566014986       -0.385678494531048
  -0.386204461286711       -0.386726380156748       -0.387244337266385
  -0.387758332615623       -0.388268280079235       -0.388774007406769
  -0.389275772973904       -0.389773576780639       -0.390267332701748
  -0.390756868486780       -0.391242356386186       -0.391723710274739
  -0.392201016277668       -0.392674188269744       -0.393143140125743
  -0.393608130221342       -0.394068900180863       -0.394525363879080
  -0.394977779691672       -0.395426061493411       -0.395870037033847
  -0.396309792438205       -0.396745327706485       -0.397176815089140
  -0.397603823960038       -0.398026871070537       -0.398445525794505
  -0.398859874257170       -0.399269830333305       -0.399675652398588
  -0.400077340453019       -0.400474463870468       -0.400867281026613
  -0.401255791921454       -0.401640168805443       -0.402019981052450
  -0.402395400912927       -0.402766600637327       -0.403133321849970
  -0.403495650676083       -0.403853759366118       -0.404207303419171
  -0.404556455085695       -0.404901128240462       -0.405241409008699
  -0.405577383515632       -0.405908535009904       -0.406235552493325
  -0.406557919214538       -0.406875893549221       -0.407189303246921
  -0.407498148307639       -0.407802687107054       -0.408102489019034
  -0.408397812419258       -0.408688485057273       -0.408974765308759
  -0.409256480923262       -0.409533459650332       -0.409805873740419
  -0.410073809318749       -0.410337008009646       -0.410595642063560
  -0.410849539230040       -0.411098957884764       -0.411343553526828
  -0.411583670657135       -0.411819050900009       -0.412049608130221
  -0.412275686848678       -0.412496856429248       -0.412713375247610
  -0.412925243303764       -0.413132374472483       -0.413334596503316
  -0.413532167771940       -0.413725088278357       -0.413913013521661
  -0.414096288002756       -0.414274739471191       -0.414448454052192
  -0.414617173370080       -0.414781155800534       -0.414940315218327
  -0.415094651623460       -0.415243992765481       -0.415388683145293
  -0.415528292136767       -0.415663164240806       -0.415793041081733
  -0.415918008784773       -0.416038067349927       -0.416153216777194
  -0.416263457066575       -0.416368702092843       -0.416468951855999
  -0.416564292481268       -0.416654723968650       -0.416739987942468
  -0.416820342778400       -0.416895788476445       -0.416965980535699
  -0.417031177331841       -0.417091464990096       -0.417146671260012
  -0.417196796141590       -0.417241753509603       -0.417281715614504
  -0.417316596331065       -0.417346395659289       -0.417371027473947
  -0.417390577900267       -0.417404960813022       -0.417414176212212
  -0.417418310223064       -0.417417104469899       -0.417410903453622
  -0.417399534923779       -0.417382826629920       -0.417360950822496
  -0.417333907501507       -0.417301610541728       -0.417264059943157
  -0.417221341831022       -0.417173283954870       -0.417119886314702
  -0.417061321160968       -0.416997588493670       -0.416928343811903
  -0.416853845491344       -0.416774093531996       -0.416688915683404
  -0.416598570321247       -0.416502712944621       -0.416401429678753
  -0.416294978899320       -0.416183016105417       -0.416065713547498
  -0.415942898975110       -0.415814830763931       -0.415681250538283
  -0.415542330548618       -0.415397898544484       -0.415247868400655
  -0.415092584618035       -0.414931788820946       -0.414765481009388
  -0.414593661183361       -0.414416415468091       -0.414233657738352
  -0.414045387994143       -0.413851520110240       -0.413651967961416
  -0.413447076048575       -0.413236499870812       -0.413020497803807
  -0.412798725346654       -0.412571440875032       -0.412338558263715
  -0.412100077512703       -0.411855826371544       -0.411606149341142
  -0.411350701920593       -0.411089742485574       -0.410822926535182
  -0.410550512445095       -0.410272500215313       -0.409988545344932
  -0.409699078460081       -0.409403927310309       -0.409102919645164
  -0.408796227715098       -0.408483851520110       -0.408165704934976
  -0.407841615709241       -0.407511928343812       -0.407176298337783
  -0.406835070192059       -0.406487899405736       -0.406134958229265
  -0.405776246662647       -0.405411506330204       -0.405040995607613
  -0.404664714494876       -0.404282490741538       -0.403894410472828
  -0.403500215313065       -0.403100508138834       -0.402694686073551
  -0.402282921367669       -0.401865214021187       -0.401441650159332
  -0.401011971406425       -0.400576608388597       -0.400135130479717
  -0.399687451554560       -0.399234174489708       -0.398774524158126
  -0.398309017311170       -0.397837567823616       -0.397360003445009
  -0.396876410300577       -0.396386788390320       -0.395890965463784
  -0.395389286021876       -0.394881405563690       -0.394367324089226
  -0.393847386099389       -0.393321074842821       -0.392788734820429
  -0.392250366032211       -0.391705710102489       -0.391154939281716
  -0.390597967444665       -0.390034794591336       -0.389465592972182
  -0.388890104211524       -0.388308414434588       -0.387720437516148
  -0.387126259581431       -0.386525880630437       -0.385919214537938
  -0.385306261303936       -0.384687107053656       -0.384061665661872
  -0.383429851003359       -0.382791835328568       -0.382147532512273
  -0.381496770304022       -0.380839893204720       -0.380176298337783
  -0.379506588579795       -0.378830505555077       -0.378148221514082
  -0.377459478081130       -0.376764103005770       -0.376062526914133
  -0.375354491430540       -0.374639996554991       -0.373919214537938
  -0.373191800878477       -0.372458013952287       -0.371717681508914
  -0.370970975798811       -0.370217896821979       -0.369458100077513
  -0.368691757815864       -0.367918956162260       -0.367139867367152
  -0.366354146929636       -0.365561708724485       -0.364762897252605
  -0.363957368013091       -0.363145293256395       -0.362326672982517
  -0.361501507191456       -0.360669623632762       -0.359831108431660
  -0.358986133838601       -0.358134355352683       -0.357276031349582
  -0.356410989578848       -0.355539316165705       -0.354660838859702
  -0.353775816036517       -0.352884075445698       -0.351985530962019
  -0.351080354835931       -0.350168460942210       -0.349249849280854
  -0.348324433726639       -0.347392128154336       -0.346453277064852
  -0.345507449832056       -0.344554990956851       -0.343595642063560
  -0.342629575402635       -0.341656704848850       -0.340676858151753
  -0.339690207561795       -0.338696666953751       -0.337696408578073
  -0.336689174059082       -0.335675049522005       -0.334653948841616
  -0.333626130393592       -0.332591335802256       -0.331549565067608
  -0.330500904314874       -0.329445353544053       -0.328382740504694
  -0.327313151322022       -0.326236585996038       -0.325153130651968
  -0.324062613039359       -0.322965033158212       -0.321860563258979
  -0.320749031091207       -0.319630436654896       -0.318504779950047
  -0.317372319352338       -0.316232279734734       -0.315085522349496
  -0.313931702695720       -0.312770562397726       -0.311602445956421
  -0.310427181121350       -0.309244767892516       -0.308055206269916
  -0.306858668504005       -0.305654723968650       -0.304443717164758
  -0.303225475841874       -0.302000258375678       -0.300767634140040
  -0.299527947635863       -0.298280940487469       -0.297026526569632
  -0.295765136508483       -0.294496425803118       -0.293220480578762
  -0.291937128584963       -0.290646542072173       -0.289348807165619
  -0.288043665489622       -0.286731117044182       -0.285411420204978
  -0.284084316596331       -0.282749720093015       -0.281407975195935
  -0.280058909654638       -0.278702351218672       -0.277338386013263
  -0.275966841787960       -0.274588235294118       -0.273202135905607
  -0.271808629747653       -0.270407630695031       -0.268999138747739
  -0.267583067780553       -0.266159762294376       -0.264728963913530
  -0.263290500387564       -0.261844888467832       -0.260397381793127
  -0.258954784256309       -0.257517009732151       -0.256083713719749
  -0.254655154594781       -0.253231073981569       -0.251811730255792
  -0.250397209542675       -0.248987167341314       -0.247581775902162
  -0.246180949099991       -0.244784773060029       -0.243393161657049
  -0.242006373266730       -0.240623977262940       -0.239246404271811
  -0.237873137541986       -0.236504521574369       -0.235140556368960
  -0.233781241925760       -0.232426405994316       -0.231076134699854
  -0.229730341917148       -0.228389286021876       -0.227052708638360
  -0.225720609766601       -0.224393247782275       -0.223070105934028
  -0.221751614847989       -0.220437774524158       -0.219128412712083
  -0.217823529411765       -0.216523210748428       -0.215227198346396
  -0.213935836706571       -0.212649039703729       -0.211366548962191
  -0.210088795108087       -0.208815175264835       -0.207546206183791
  -0.206281887864956       -0.205021703556972       -0.203766256136422
  -0.202515028851951       -0.201268280079235       -0.200026009818276
  -0.198788304194298       -0.197554904831625       -0.196325983980708
  -0.195101369391095       -0.193881147188011       -0.192665489621910
  -0.191454310567565       -0.190247265524072       -0.189044698992335
  -0.187846524847128       -0.186652829213677       -0.185463525966756
  -0.184278528981139       -0.183097838256825       -0.181921539919042
  -0.180749547842563       -0.179582034277840       -0.178418740849195
  -0.177259925932306       -0.176105331151494       -0.174954956506761
  -0.173809232624236       -0.172667642752562       -0.171530445267419
  -0.170397381793127       -0.169268710705366       -0.168144259753682
  -0.167024287313754       -0.165908535009904       -0.164797002842132
  -0.163689690810438       -0.162586771165274       -0.161488157781414
  -0.160393678408406       -0.159303591421927       -0.158217638446301
  -0.157135905606752       -0.156058479028507       -0.154985272586341
  -0.153916372405478       -0.152851692360692       -0.151791060201533
  -0.150734734303678       -0.149682714667126       -0.148634829041426
  -0.147590991301352       -0.146551459822582       -0.145516148479890
  -0.144485057273275       -0.143458013952287       -0.142435276892602
  -0.141416673843769       -0.140402204805788       -0.139391869778658
  -0.138385754887607       -0.137383687882181       -0.136385927138059
  -0.135391955903884       -0.134402377056240       -0.133417018344673
  -0.132435621393506       -0.131458444578417       -0.130485229523728
  -0.129516148479890       -0.128551115321678       -0.127590388424770
  -0.126633537163035       -0.125680906037378       -0.124732236672121
  -0.123787701317716       -0.122847299974162       -0.121910774265782
  -0.120978468693480       -0.120050383257256       -0.119126001205753
  -0.118205667039876       -0.117289553010077       -0.116377400740677
  -0.115469210231677       -0.114565153733529       -0.113664972870554
  -0.112768926018431       -0.111876840926707       -0.110988803720610
  -0.110104642149686       -0.109224442339161       -0.108348462664714
  -0.107476186374989       -0.106608044096116       -0.105743949702868
  -0.104883558694342       -0.104027301696667       -0.103175006459392
  -0.102326500732064       -0.101482129015589       -0.100641546809060
  -0.998049263629317D-001  -0.989722676772026D-001  -0.981435707518732D-001
  -0.973187494617173D-001  -0.964978038067350D-001  -0.956807337869262D-001
  -0.948676255275170D-001  -0.940583929032814D-001  -0.932530359142193D-001
  -0.924515545603307D-001  -0.916539488416157D-001  -0.908602187580742D-001
  -0.900703643097063D-001  -0.892843854965119D-001  -0.885021961932650D-001
  -0.877239686504177D-001  -0.869494444922918D-001  -0.861788820945655D-001
  -0.854120833692188D-001  -0.846491688915683D-001  -0.838900697614331D-001
  -0.831346998535871D-001  -0.823832141934373D-001  -0.816355524933253D-001
  -0.808916803031608D-001  -0.801516320730342D-001  -0.794153475152872D-001
  -0.786828094048747D-001  -0.779540952545000D-001  -0.772291706140729D-001
  -0.765080010335027D-001  -0.757906209628800D-001  -0.750768926018431D-001
  -0.743670226509345D-001  -0.736609077598829D-001  -0.729584445784170D-001
  -0.722598828696925D-001  -0.715648953578503D-001  -0.708738007062269D-001
  -0.701862974765309D-001  -0.695024804065111D-001  -0.688225475841874D-001
  -0.681461717337008D-001  -0.674736198432521D-001  -0.668046593747309D-001
  -0.661394798036345D-001  -0.654778916544656D-001  -0.648199896649729D-001
  -0.641658685729050D-001  -0.635152786151064D-001  -0.628685384549134D-001
  -0.622252863663767D-001  -0.615856859874257D-001  -0.609499095685126D-001
  -0.603176212212557D-001  -0.596890793213332D-001  -0.590640599431574D-001
  -0.584427008870898D-001  -0.578250538282663D-001  -0.572108948410990D-001
  -0.566005339764017D-001  -0.559936095082250D-001  -0.553902850744983D-001
  -0.547906726380157D-001  -0.541945482731892D-001  -0.536021445181294D-001
  -0.530131857721127D-001  -0.524277926104556D-001  -0.518461114460425D-001
  -0.512678839031952D-001  -0.506933080699337D-001  -0.501221858582379D-001
  -0.495547498062182D-001  -0.489906984755835D-001  -0.484302299543536D-001
  -0.478733873051417D-001  -0.473199552148824D-001  -0.467701834467315D-001
  -0.462237877874429D-001  -0.456809146499010D-001  -0.451416673843769D-001
  -0.446058306778055D-001  -0.440735767806390D-001  -0.435447076048575D-001
  -0.430193265007321D-001  -0.424975368185341D-001  -0.419791232451985D-001
  -0.414642924812678D-001  -0.409528206011541D-001  -0.404447937300835D-001
  -0.399403496684179D-001  -0.394392300404789D-001  -0.389416587718543D-001
  -0.384474377745242D-001  -0.379566273361468D-001  -0.374693738696064D-001
  -0.369854362242701D-001  -0.365050211006804D-001  -0.360279217982947D-001
  -0.355543019550426D-001  -0.350840323830850D-001  -0.346171303074671D-001
  -0.341537249160279D-001  -0.336936095082250D-001  -0.332369649470330D-001
  -0.327836103694772D-001  -0.323336232882611D-001  -0.318870984411334D-001
  -0.314438463525967D-001  -0.310040306605805D-001  -0.305674791146327D-001
  -0.301342778399793D-001  -0.297044957368013D-001  -0.292779605546465D-001
  -0.288548445439669D-001  -0.284349668417880D-001  -0.280184049608130D-001
  -0.276052450262682D-001  -0.271953061751787D-001  -0.267887606579967D-001
  -0.263854276117475D-001  -0.259854620618379D-001  -0.255887089828611D-001
  -0.251952286624752D-001  -0.248051158384291D-001  -0.244181982602704D-001
  -0.240346137283610D-001  -0.236542072172939D-001  -0.232770734648178D-001
  -0.229032641460684D-001  -0.225326070105934D-001  -0.221652829213677D-001
  -0.218011024028938D-001  -0.214401601929205D-001  -0.210825251916286D-001
  -0.207280165360434D-001  -0.203768064766170D-001  -0.200287313754199D-001
  -0.196838601326328D-001  -0.193422616484368D-001  -0.190037636723796D-001
  -0.186685384549134D-001  -0.183364309706313D-001  -0.180074928946688D-001
  -0.176817931272070D-001  -0.173591938678839D-001  -0.170398243045388D-001
  -0.167235380242873D-001  -0.164104642149686D-001  -0.161004823012660D-001
  -0.157936353457928D-001  -0.154899922487297D-001  -0.151894065971923D-001
  -0.148920075790199D-001  -0.145976660063733D-001  -0.143064421669107D-001
  -0.140183791232452D-001  -0.137333735251055D-001  -0.134515114977177D-001
  -0.131726896908104D-001  -0.128969425544742D-001  -0.126243562139351D-001
  -0.123547756437861D-001  -0.120883214193437D-001  -0.118248815778141D-001
  -0.115644991818104D-001  -0.113072345189906D-001  -0.110529670140384D-001
  -0.108017827921798D-001  -0.105535957281888D-001  -0.103085005598140D-001
  -0.100663767117389D-001  -0.982726724657652D-002  -0.959124106450779D-002
  -0.935817759021617D-002  -0.912816294892774D-002  -0.890111101541642D-002
  -0.867704762725002D-002  -0.845603307208682D-002  -0.823795194212385D-002
  -0.802290328137111D-002  -0.781078373955732D-002  -0.760164068555680D-002
  -0.739549823443286D-002  -0.719228059598656D-002  -0.699205667039876D-002
  -0.679474463870468D-002  -0.660037378348118D-002  -0.640898630608905D-002
  -0.622049435879769D-002  -0.603496856429248D-002  -0.585232624235639D-002
  -0.567260528808888D-002  -0.549583326156231D-002  -0.532193351132547D-002
  -0.515097235380243D-002  -0.498287486004651D-002  -0.481770304022048D-002
  -0.465538454913444D-002  -0.449594522435621D-002  -0.433941779347171D-002
  -0.418572818878650D-002  -0.403493755921109D-002  -0.388697614331238D-002
  -0.374186977865817D-002  -0.359964516406856D-002  -0.346023512186719D-002
  -0.332369218844199D-002  -0.318995693738696D-002  -0.305905090000861D-002
  -0.293099646886573D-002  -0.280573163379554D-002  -0.268330806993368D-002
  -0.256366807337869D-002  -0.244682800792352D-002  -0.233281371113599D-002
  -0.222156403410559D-002  -0.211312720695892D-002  -0.200744810955129D-002
  -0.190454655068470D-002  -0.180443717164758D-002  -0.170707260356558D-002
  -0.161248901903367D-002  -0.152064163293429D-002  -0.143156317285333D-002
  -0.134521057617776D-002  -0.126159934544828D-002  -0.118073809318749D-002
  -0.110258978554819D-002  -0.102718198260270D-002  -0.954475927999311D-003
  -0.884484540521919D-003  -0.817215485315649D-003  -0.752635173542331D-003
  -0.690765653259840D-003  -0.631575058134528D-003  -0.575072517440358D-003
  -0.521263457066575D-003  -0.470119111187667D-003  -0.421656532598398D-003
  -0.375850314357075D-003  -0.332704848850228D-003  -0.292223581086900D-003
  -0.254384204633537D-003  -0.219197226767720D-003  -0.186642752562225D-003
  -0.156729222289209D-003  -0.129438463525967D-003  -0.104772112651796D-003
  -0.827292481267763D-004  -0.632951511497718D-004  -0.464728533287400D-004
  -0.322499612436483D-004  -0.206250710533115D-004  -0.115945224356214D-004
  -0.514924898802859D-005  -0.128670743260701D-005   0.000000000000000
 
