     3000  0.883529400000D+00  0.619532644900D+01  0.5647806143D+03    1    0
 0.777156940000D+01  0.775384620000D+01  0.773614810000D+01  0.771847500000D+01
 0.770082690000D+01  0.768320390000D+01  0.766560580000D+01  0.764803270000D+01
 0.763048460000D+01  0.761296150000D+01  0.759546320000D+01  0.757798990000D+01
 0.756054150000D+01  0.754311800000D+01  0.752571930000D+01  0.750834550000D+01
 0.749099650000D+01  0.747367230000D+01  0.745637300000D+01  0.743909840000D+01
 0.742184860000D+01  0.740462350000D+01  0.738742310000D+01  0.737024750000D+01
 0.735309660000D+01  0.733597030000D+01  0.731886870000D+01  0.730179180000D+01
 0.728473950000D+01  0.726771180000D+01  0.725070870000D+01  0.723373020000D+01
 0.721677620000D+01  0.719984680000D+01  0.718294190000D+01  0.716606160000D+01
 0.714920570000D+01  0.713237430000D+01  0.711556740000D+01  0.709878490000D+01
 0.708202690000D+01  0.706529330000D+01  0.704858400000D+01  0.703189920000D+01
 0.701523870000D+01  0.699860250000D+01  0.698199070000D+01  0.696540320000D+01
 0.694884000000D+01  0.693230110000D+01  0.691578640000D+01  0.689929600000D+01
 0.688282980000D+01  0.686638790000D+01  0.684997010000D+01  0.683357650000D+01
 0.681720700000D+01  0.680086180000D+01  0.678454060000D+01  0.676824350000D+01
 0.675197060000D+01  0.673572170000D+01  0.671949690000D+01  0.670329610000D+01
 0.668711940000D+01  0.667096670000D+01  0.665483790000D+01  0.663873320000D+01
 0.662265240000D+01  0.660659550000D+01  0.659056260000D+01  0.657455360000D+01
 0.655856850000D+01  0.654260730000D+01  0.652666990000D+01  0.651075640000D+01
 0.649486670000D+01  0.647900080000D+01  0.646315870000D+01  0.644734040000D+01
 0.643154580000D+01  0.641577500000D+01  0.640002790000D+01  0.638430450000D+01
 0.636860480000D+01  0.635292880000D+01  0.633727650000D+01  0.632164780000D+01
 0.630604270000D+01  0.629046130000D+01  0.627490340000D+01  0.625936910000D+01
 0.624385840000D+01  0.622837120000D+01  0.621290750000D+01  0.619746740000D+01
 0.618205070000D+01  0.616665750000D+01  0.615128780000D+01  0.613594150000D+01
 0.612061870000D+01  0.610531920000D+01  0.609004320000D+01  0.607479050000D+01
 0.605956120000D+01  0.604435520000D+01  0.602917260000D+01  0.601401330000D+01
 0.599887720000D+01  0.598376440000D+01  0.596867490000D+01  0.595360870000D+01
 0.593856560000D+01  0.592354580000D+01  0.590854920000D+01  0.589357570000D+01
 0.587862540000D+01  0.586369820000D+01  0.584879420000D+01  0.583391330000D+01
 0.581905540000D+01  0.580422070000D+01  0.578940890000D+01  0.577462030000D+01
 0.575985460000D+01  0.574511200000D+01  0.573039240000D+01  0.571569570000D+01
 0.570102200000D+01  0.568637120000D+01  0.567174340000D+01  0.565713850000D+01
 0.564255640000D+01  0.562799720000D+01  0.561346090000D+01  0.559894750000D+01
 0.558445680000D+01  0.556998900000D+01  0.555554390000D+01  0.554112170000D+01
 0.552672210000D+01  0.551234540000D+01  0.549799130000D+01  0.548366000000D+01
 0.546935130000D+01  0.545506530000D+01  0.544080200000D+01  0.542656130000D+01
 0.541234320000D+01  0.539814780000D+01  0.538397490000D+01  0.536982460000D+01
 0.535569690000D+01  0.534159170000D+01  0.532750900000D+01  0.531344880000D+01
 0.529941120000D+01  0.528539600000D+01  0.527140320000D+01  0.525743290000D+01
 0.524348500000D+01  0.522955950000D+01  0.521565640000D+01  0.520177570000D+01
 0.518791730000D+01  0.517408130000D+01  0.516026760000D+01  0.514647620000D+01
 0.513270710000D+01  0.511896020000D+01  0.510523570000D+01  0.509153330000D+01
 0.507785320000D+01  0.506419530000D+01  0.505055950000D+01  0.503694600000D+01
 0.502335460000D+01  0.500978530000D+01  0.499623820000D+01  0.498271310000D+01
 0.496921020000D+01  0.495572930000D+01  0.494227050000D+01  0.492883370000D+01
 0.491541890000D+01  0.490202610000D+01  0.488865540000D+01  0.487530650000D+01
 0.486197970000D+01  0.484867480000D+01  0.483539180000D+01  0.482213070000D+01
 0.480889150000D+01  0.479567420000D+01  0.478247870000D+01  0.476930500000D+01
 0.475615320000D+01  0.474302320000D+01  0.472991500000D+01  0.471682850000D+01
 0.470376380000D+01  0.469072080000D+01  0.467769960000D+01  0.466470000000D+01
 0.465172210000D+01  0.463876600000D+01  0.462583140000D+01  0.461291850000D+01
 0.460002720000D+01  0.458715750000D+01  0.457430940000D+01  0.456148290000D+01
 0.454867790000D+01  0.453589450000D+01  0.452313260000D+01  0.451039220000D+01
 0.449767320000D+01  0.448497580000D+01  0.447229980000D+01  0.445964520000D+01
 0.444701200000D+01  0.443440030000D+01  0.442180990000D+01  0.440924090000D+01
 0.439669330000D+01  0.438416690000D+01  0.437166190000D+01  0.435917820000D+01
 0.434671580000D+01  0.433427470000D+01  0.432185480000D+01  0.430945610000D+01
 0.429707870000D+01  0.428472250000D+01  0.427238740000D+01  0.426007350000D+01
 0.424778080000D+01  0.423550920000D+01  0.422325870000D+01  0.421102930000D+01
 0.419882100000D+01  0.418663380000D+01  0.417446760000D+01  0.416232250000D+01
 0.415019840000D+01  0.413809520000D+01  0.412601310000D+01  0.411395190000D+01
 0.410191170000D+01  0.408989240000D+01  0.407789400000D+01  0.406591650000D+01
 0.405395990000D+01  0.404202420000D+01  0.403010930000D+01  0.401821530000D+01
 0.400634210000D+01  0.399448960000D+01  0.398265800000D+01  0.397084710000D+01
 0.395905700000D+01  0.394728760000D+01  0.393553890000D+01  0.392381090000D+01
 0.391210360000D+01  0.390041700000D+01  0.388875100000D+01  0.387710570000D+01
 0.386548090000D+01  0.385387680000D+01  0.384229320000D+01  0.383073020000D+01
 0.381918780000D+01  0.380766590000D+01  0.379616450000D+01  0.378468360000D+01
 0.377322320000D+01  0.376178320000D+01  0.375036370000D+01  0.373896470000D+01
 0.372758600000D+01  0.371622780000D+01  0.370488990000D+01  0.369357240000D+01
 0.368227520000D+01  0.367099840000D+01  0.365974190000D+01  0.364850560000D+01
 0.363728970000D+01  0.362609400000D+01  0.361491860000D+01  0.360376340000D+01
 0.359262840000D+01  0.358151360000D+01  0.357041900000D+01  0.355934460000D+01
 0.354829030000D+01  0.353725610000D+01  0.352624210000D+01  0.351524810000D+01
 0.350427430000D+01  0.349332050000D+01  0.348238670000D+01  0.347147300000D+01
 0.346057930000D+01  0.344970550000D+01  0.343885180000D+01  0.342801800000D+01
 0.341720420000D+01  0.340641030000D+01  0.339563630000D+01  0.338488220000D+01
 0.337414800000D+01  0.336343360000D+01  0.335273910000D+01  0.334206450000D+01
 0.333140960000D+01  0.332077450000D+01  0.331015920000D+01  0.329956370000D+01
 0.328898790000D+01  0.327843190000D+01  0.326789560000D+01  0.325737890000D+01
 0.324688190000D+01  0.323640460000D+01  0.322594700000D+01  0.321550900000D+01
 0.320509050000D+01  0.319469170000D+01  0.318431250000D+01  0.317395280000D+01
 0.316361270000D+01  0.315329200000D+01  0.314299090000D+01  0.313270930000D+01
 0.312244720000D+01  0.311220460000D+01  0.310198130000D+01  0.309177750000D+01
 0.308159320000D+01  0.307142820000D+01  0.306128260000D+01  0.305115630000D+01
 0.304104940000D+01  0.303096180000D+01  0.302089360000D+01  0.301084460000D+01
 0.300081490000D+01  0.299080450000D+01  0.298081330000D+01  0.297084130000D+01
 0.296088860000D+01  0.295095500000D+01  0.294104060000D+01  0.293114540000D+01
 0.292126930000D+01  0.291141240000D+01  0.290157450000D+01  0.289175580000D+01
 0.288195610000D+01  0.287217550000D+01  0.286241390000D+01  0.285267140000D+01
 0.284294780000D+01  0.283324330000D+01  0.282355770000D+01  0.281389110000D+01
 0.280424340000D+01  0.279461470000D+01  0.278500490000D+01  0.277541390000D+01
 0.276584190000D+01  0.275628870000D+01  0.274675430000D+01  0.273723880000D+01
 0.272774200000D+01  0.271826410000D+01  0.270880490000D+01  0.269936450000D+01
 0.268994290000D+01  0.268054000000D+01  0.267115570000D+01  0.266179020000D+01
 0.265244330000D+01  0.264311510000D+01  0.263380560000D+01  0.262451460000D+01
 0.261524230000D+01  0.260598860000D+01  0.259675340000D+01  0.258753680000D+01
 0.257833870000D+01  0.256915920000D+01  0.255999820000D+01  0.255085560000D+01
 0.254173160000D+01  0.253262600000D+01  0.252353880000D+01  0.251447000000D+01
 0.250541970000D+01  0.249638780000D+01  0.248737420000D+01  0.247837900000D+01
 0.246940210000D+01  0.246044350000D+01  0.245150330000D+01  0.244258130000D+01
 0.243367770000D+01  0.242479220000D+01  0.241592500000D+01  0.240707610000D+01
 0.239824530000D+01  0.238943280000D+01  0.238063840000D+01  0.237186210000D+01
 0.236310400000D+01  0.235436410000D+01  0.234564220000D+01  0.233693840000D+01
 0.232825270000D+01  0.231958510000D+01  0.231093540000D+01  0.230230390000D+01
 0.229369030000D+01  0.228509470000D+01  0.227651710000D+01  0.226795740000D+01
 0.225941570000D+01  0.225089180000D+01  0.224238590000D+01  0.223389790000D+01
 0.222542780000D+01  0.221697550000D+01  0.220854110000D+01  0.220012440000D+01
 0.219172560000D+01  0.218334460000D+01  0.217498130000D+01  0.216663580000D+01
 0.215830800000D+01  0.214999800000D+01  0.214170560000D+01  0.213343100000D+01
 0.212517400000D+01  0.211693470000D+01  0.210871300000D+01  0.210050890000D+01
 0.209232240000D+01  0.208415360000D+01  0.207600230000D+01  0.206786850000D+01
 0.205975230000D+01  0.205165360000D+01  0.204357240000D+01  0.203550870000D+01
 0.202746240000D+01  0.201943370000D+01  0.201142230000D+01  0.200342840000D+01
 0.199545190000D+01  0.198749270000D+01  0.197955100000D+01  0.197162660000D+01
 0.196371950000D+01  0.195582970000D+01  0.194795730000D+01  0.194010210000D+01
 0.193226420000D+01  0.192444350000D+01  0.191664010000D+01  0.190885390000D+01
 0.190108500000D+01  0.189333320000D+01  0.188559850000D+01  0.187788100000D+01
 0.187018070000D+01  0.186249750000D+01  0.185483140000D+01  0.184718230000D+01
 0.183955030000D+01  0.183193540000D+01  0.182433750000D+01  0.181675670000D+01
 0.180919280000D+01  0.180164590000D+01  0.179411600000D+01  0.178660310000D+01
 0.177910710000D+01  0.177162800000D+01  0.176416570000D+01  0.175672040000D+01
 0.174929200000D+01  0.174188040000D+01  0.173448560000D+01  0.172710770000D+01
 0.171974650000D+01  0.171240220000D+01  0.170507460000D+01  0.169776370000D+01
 0.169046960000D+01  0.168319220000D+01  0.167593150000D+01  0.166868750000D+01
 0.166146020000D+01  0.165424950000D+01  0.164705550000D+01  0.163987800000D+01
 0.163271720000D+01  0.162557290000D+01  0.161844520000D+01  0.161133410000D+01
 0.160423950000D+01  0.159716140000D+01  0.159009980000D+01  0.158305470000D+01
 0.157602610000D+01  0.156901390000D+01  0.156201810000D+01  0.155503880000D+01
 0.154807590000D+01  0.154112930000D+01  0.153419910000D+01  0.152728530000D+01
 0.152038780000D+01  0.151350660000D+01  0.150664170000D+01  0.149979310000D+01
 0.149296070000D+01  0.148614460000D+01  0.147934480000D+01  0.147256110000D+01
 0.146579370000D+01  0.145904240000D+01  0.145230730000D+01  0.144558840000D+01
 0.143888550000D+01  0.143219880000D+01  0.142552820000D+01  0.141887370000D+01
 0.141223520000D+01  0.140561280000D+01  0.139900640000D+01  0.139241610000D+01
 0.138584170000D+01  0.137928330000D+01  0.137274090000D+01  0.136621440000D+01
 0.135970390000D+01  0.135320920000D+01  0.134673050000D+01  0.134026770000D+01
 0.133382070000D+01  0.132738950000D+01  0.132097420000D+01  0.131457470000D+01
 0.130819100000D+01  0.130182310000D+01  0.129547090000D+01  0.128913450000D+01
 0.128281390000D+01  0.127650890000D+01  0.127021960000D+01  0.126394600000D+01
 0.125768810000D+01  0.125144580000D+01  0.124521920000D+01  0.123900820000D+01
 0.123281270000D+01  0.122663290000D+01  0.122046860000D+01  0.121431980000D+01
 0.120818660000D+01  0.120206890000D+01  0.119596670000D+01  0.118988000000D+01
 0.118380870000D+01  0.117775290000D+01  0.117171250000D+01  0.116568750000D+01
 0.115967790000D+01  0.115368370000D+01  0.114770490000D+01  0.114174140000D+01
 0.113579320000D+01  0.112986040000D+01  0.112394280000D+01  0.111804050000D+01
 0.111215350000D+01  0.110628170000D+01  0.110042520000D+01  0.109458380000D+01
 0.108875770000D+01  0.108294670000D+01  0.107715090000D+01  0.107137030000D+01
 0.106560470000D+01  0.105985430000D+01  0.105411900000D+01  0.104839880000D+01
 0.104269360000D+01  0.103700340000D+01  0.103132830000D+01  0.102566820000D+01
 0.102002310000D+01  0.101439300000D+01  0.100877780000D+01  0.100317760000D+01
 0.997592310000D+00  0.992021920000D+00  0.986466430000D+00  0.980925810000D+00
 0.975400060000D+00  0.969889150000D+00  0.964393060000D+00  0.958911790000D+00
 0.953445300000D+00  0.947993600000D+00  0.942556660000D+00  0.937134450000D+00
 0.931726980000D+00  0.926334210000D+00  0.920956140000D+00  0.915592750000D+00
 0.910244010000D+00  0.904909920000D+00  0.899590450000D+00  0.894285590000D+00
 0.888995320000D+00  0.883719630000D+00  0.878458500000D+00  0.873211920000D+00
 0.867979850000D+00  0.862762300000D+00  0.857559240000D+00  0.852370650000D+00
 0.847196530000D+00  0.842036840000D+00  0.836891580000D+00  0.831760730000D+00
 0.826644270000D+00  0.821542190000D+00  0.816454470000D+00  0.811381080000D+00
 0.806322020000D+00  0.801277270000D+00  0.796246810000D+00  0.791230630000D+00
 0.786228700000D+00  0.781241020000D+00  0.776267560000D+00  0.771308310000D+00
 0.766363250000D+00  0.761432360000D+00  0.756515630000D+00  0.751613040000D+00
 0.746724580000D+00  0.741850220000D+00  0.736989950000D+00  0.732143760000D+00
 0.727311630000D+00  0.722493530000D+00  0.717689460000D+00  0.712899400000D+00
 0.708123330000D+00  0.703361230000D+00  0.698613080000D+00  0.693878880000D+00
 0.689158600000D+00  0.684452230000D+00  0.679759750000D+00  0.675081140000D+00
 0.670416390000D+00  0.665765470000D+00  0.661128380000D+00  0.656505100000D+00
 0.651895610000D+00  0.647299890000D+00  0.642717920000D+00  0.638149690000D+00
 0.633595190000D+00  0.629054390000D+00  0.624527290000D+00  0.620013850000D+00
 0.615514070000D+00  0.611027930000D+00  0.606555410000D+00  0.602096500000D+00
 0.597651180000D+00  0.593219420000D+00  0.588801230000D+00  0.584396570000D+00
 0.580005430000D+00  0.575627800000D+00  0.571263660000D+00  0.566912990000D+00
 0.562575770000D+00  0.558252000000D+00  0.553941640000D+00  0.549644690000D+00
 0.545361130000D+00  0.541090930000D+00  0.536834100000D+00  0.532590600000D+00
 0.528360420000D+00  0.524143540000D+00  0.519939960000D+00  0.515749640000D+00
 0.511572580000D+00  0.507408760000D+00  0.503258150000D+00  0.499120760000D+00
 0.494996540000D+00  0.490885500000D+00  0.486787620000D+00  0.482702870000D+00
 0.478631240000D+00  0.474572710000D+00  0.470527270000D+00  0.466494900000D+00
 0.462475590000D+00  0.458469310000D+00  0.454476050000D+00  0.450495790000D+00
 0.446528520000D+00  0.442574220000D+00  0.438632880000D+00  0.434704470000D+00
 0.430788970000D+00  0.426886390000D+00  0.422996690000D+00  0.419119850000D+00
 0.415255870000D+00  0.411404730000D+00  0.407566410000D+00  0.403740880000D+00
 0.399928150000D+00  0.396128180000D+00  0.392340970000D+00  0.388566490000D+00
 0.384804730000D+00  0.381055670000D+00  0.377319290000D+00  0.373595590000D+00
 0.369884540000D+00  0.366186120000D+00  0.362500320000D+00  0.358827120000D+00
 0.355166510000D+00  0.351518470000D+00  0.347882980000D+00  0.344260020000D+00
 0.340649580000D+00  0.337051640000D+00  0.333466190000D+00  0.329893200000D+00
 0.326332670000D+00  0.322784570000D+00  0.319248880000D+00  0.315725600000D+00
 0.312214710000D+00  0.308716180000D+00  0.305230000000D+00  0.301756150000D+00
 0.298294620000D+00  0.294845400000D+00  0.291408450000D+00  0.287983780000D+00
 0.284571350000D+00  0.281171160000D+00  0.277783180000D+00  0.274407410000D+00
 0.271043820000D+00  0.267692390000D+00  0.264353120000D+00  0.261025970000D+00
 0.257710950000D+00  0.254408020000D+00  0.251117180000D+00  0.247838410000D+00
 0.244571680000D+00  0.241316990000D+00  0.238074310000D+00  0.234843630000D+00
 0.231624930000D+00  0.228418210000D+00  0.225223430000D+00  0.222040580000D+00
 0.218869650000D+00  0.215710610000D+00  0.212563460000D+00  0.209428180000D+00
 0.206304740000D+00  0.203193140000D+00  0.200093350000D+00  0.197005360000D+00
 0.193929150000D+00  0.190864710000D+00  0.187812010000D+00  0.184771050000D+00
 0.181741800000D+00  0.178724250000D+00  0.175718390000D+00  0.172724180000D+00
 0.169741630000D+00  0.166770700000D+00  0.163811400000D+00  0.160863680000D+00
 0.157927550000D+00  0.155002990000D+00  0.152089970000D+00  0.149188480000D+00
 0.146298510000D+00  0.143420040000D+00  0.140553040000D+00  0.137697510000D+00
 0.134853430000D+00  0.132020780000D+00  0.129199540000D+00  0.126389700000D+00
 0.123591240000D+00  0.120804140000D+00  0.118028390000D+00  0.115263970000D+00
 0.112510860000D+00  0.109769050000D+00  0.107038520000D+00  0.104319250000D+00
 0.101611230000D+00  0.989144430000D-01  0.962288660000D-01  0.935544850000D-01
 0.908912830000D-01  0.882392450000D-01  0.855983520000D-01  0.829685900000D-01
 0.803499390000D-01  0.777423850000D-01  0.751459100000D-01  0.725604980000D-01
 0.699861310000D-01  0.674227940000D-01  0.648704680000D-01  0.623291390000D-01
 0.597987880000D-01  0.572793990000D-01  0.547709560000D-01  0.522734410000D-01
 0.497868380000D-01  0.473111310000D-01  0.448463020000D-01  0.423923340000D-01
 0.399492120000D-01  0.375169180000D-01  0.350954360000D-01  0.326847480000D-01
 0.302848390000D-01  0.278956900000D-01  0.255172870000D-01  0.231496110000D-01
 0.207926470000D-01  0.184463770000D-01  0.161107850000D-01  0.137858530000D-01
 0.114715660000D-01  0.916790670000D-02  0.687485790000D-02  0.459240320000D-02
 0.232052580000D-02  0.592090650000D-04 -0.219156380000D-02 -0.443180960000D-02
-0.666154500000D-02 -0.888078670000D-02 -0.110895510000D-01 -0.132878560000D-01
-0.154757170000D-01 -0.176531510000D-01 -0.198201760000D-01 -0.219768060000D-01
-0.241230610000D-01 -0.262589550000D-01 -0.283845070000D-01 -0.304997320000D-01
-0.326046480000D-01 -0.346992700000D-01 -0.367836160000D-01 -0.388577030000D-01
-0.409215480000D-01 -0.429751660000D-01 -0.450185750000D-01 -0.470517910000D-01
-0.490748320000D-01 -0.510877130000D-01 -0.530904530000D-01 -0.550830660000D-01
-0.570655710000D-01 -0.590379840000D-01 -0.610003210000D-01 -0.629525990000D-01
-0.648948360000D-01 -0.668270470000D-01 -0.687492500000D-01 -0.706614610000D-01
-0.725636970000D-01 -0.744559750000D-01 -0.763383110000D-01 -0.782107220000D-01
-0.800732260000D-01 -0.819258370000D-01 -0.837685750000D-01 -0.856014540000D-01
-0.874244920000D-01 -0.892377060000D-01 -0.910411110000D-01 -0.928347260000D-01
-0.946185670000D-01 -0.963926500000D-01 -0.981569920000D-01 -0.999116110000D-01
-0.101656520000D+00 -0.103391740000D+00 -0.105117290000D+00 -0.106833180000D+00
-0.108539430000D+00 -0.110236050000D+00 -0.111923070000D+00 -0.113600500000D+00
-0.115268350000D+00 -0.116926650000D+00 -0.118575410000D+00 -0.120214640000D+00
-0.121844370000D+00 -0.123464610000D+00 -0.125075370000D+00 -0.126676680000D+00
-0.128268550000D+00 -0.129850990000D+00 -0.131424030000D+00 -0.132987680000D+00
-0.134541960000D+00 -0.136086880000D+00 -0.137622460000D+00 -0.139148720000D+00
-0.140665680000D+00 -0.142173340000D+00 -0.143671740000D+00 -0.145160870000D+00
-0.146640770000D+00 -0.148111450000D+00 -0.149572920000D+00 -0.151025200000D+00
-0.152468310000D+00 -0.153902260000D+00 -0.155327080000D+00 -0.156742770000D+00
-0.158149360000D+00 -0.159546860000D+00 -0.160935290000D+00 -0.162314660000D+00
-0.163685000000D+00 -0.165046310000D+00 -0.166398620000D+00 -0.167741950000D+00
-0.169076300000D+00 -0.170401690000D+00 -0.171718150000D+00 -0.173025690000D+00
-0.174324320000D+00 -0.175614070000D+00 -0.176894940000D+00 -0.178166960000D+00
-0.179430150000D+00 -0.180684510000D+00 -0.181930070000D+00 -0.183166840000D+00
-0.184394840000D+00 -0.185614090000D+00 -0.186824600000D+00 -0.188026390000D+00
-0.189219480000D+00 -0.190403880000D+00 -0.191579610000D+00 -0.192746690000D+00
-0.193905130000D+00 -0.195054950000D+00 -0.196196160000D+00 -0.197328790000D+00
-0.198452860000D+00 -0.199568360000D+00 -0.200675340000D+00 -0.201773790000D+00
-0.202863740000D+00 -0.203945200000D+00 -0.205018200000D+00 -0.206082740000D+00
-0.207138840000D+00 -0.208186530000D+00 -0.209225820000D+00 -0.210256710000D+00
-0.211279240000D+00 -0.212293420000D+00 -0.213299260000D+00 -0.214296790000D+00
-0.215286010000D+00 -0.216266950000D+00 -0.217239610000D+00 -0.218204030000D+00
-0.219160210000D+00 -0.220108170000D+00 -0.221047930000D+00 -0.221979510000D+00
-0.222902920000D+00 -0.223818180000D+00 -0.224725300000D+00 -0.225624300000D+00
-0.226515200000D+00 -0.227398020000D+00 -0.228272770000D+00 -0.229139470000D+00
-0.229998140000D+00 -0.230848790000D+00 -0.231691430000D+00 -0.232526090000D+00
-0.233352790000D+00 -0.234171530000D+00 -0.234982350000D+00 -0.235785240000D+00
-0.236580230000D+00 -0.237367340000D+00 -0.238146580000D+00 -0.238917980000D+00
-0.239681530000D+00 -0.240437280000D+00 -0.241185220000D+00 -0.241925380000D+00
-0.242657770000D+00 -0.243382410000D+00 -0.244099320000D+00 -0.244808510000D+00
-0.245510000000D+00 -0.246203810000D+00 -0.246889960000D+00 -0.247568450000D+00
-0.248239310000D+00 -0.248902560000D+00 -0.249558200000D+00 -0.250206270000D+00
-0.250846760000D+00 -0.251479710000D+00 -0.252105130000D+00 -0.252723030000D+00
-0.253333430000D+00 -0.253936350000D+00 -0.254531800000D+00 -0.255119810000D+00
-0.255700380000D+00 -0.256273540000D+00 -0.256839300000D+00 -0.257397670000D+00
-0.257948690000D+00 -0.258492350000D+00 -0.259028680000D+00 -0.259557700000D+00
-0.260079420000D+00 -0.260593860000D+00 -0.261101030000D+00 -0.261600950000D+00
-0.262093650000D+00 -0.262579130000D+00 -0.263057410000D+00 -0.263528510000D+00
-0.263992450000D+00 -0.264449230000D+00 -0.264898890000D+00 -0.265341440000D+00
-0.265776880000D+00 -0.266205250000D+00 -0.266626550000D+00 -0.267040800000D+00
-0.267448030000D+00 -0.267848240000D+00 -0.268241450000D+00 -0.268627680000D+00
-0.269006950000D+00 -0.269379280000D+00 -0.269744670000D+00 -0.270103150000D+00
-0.270454730000D+00 -0.270799430000D+00 -0.271137270000D+00 -0.271468260000D+00
-0.271792430000D+00 -0.272109780000D+00 -0.272420330000D+00 -0.272724110000D+00
-0.273021120000D+00 -0.273311380000D+00 -0.273594920000D+00 -0.273871740000D+00
-0.274141870000D+00 -0.274405320000D+00 -0.274662110000D+00 -0.274912250000D+00
-0.275155760000D+00 -0.275392660000D+00 -0.275622960000D+00 -0.275846690000D+00
-0.276063850000D+00 -0.276274470000D+00 -0.276478560000D+00 -0.276676140000D+00
-0.276867220000D+00 -0.277051820000D+00 -0.277229970000D+00 -0.277401660000D+00
-0.277566930000D+00 -0.277725790000D+00 -0.277878260000D+00 -0.278024340000D+00
-0.278164060000D+00 -0.278297440000D+00 -0.278424500000D+00 -0.278545240000D+00
-0.278659680000D+00 -0.278767850000D+00 -0.278869760000D+00 -0.278965420000D+00
-0.279054860000D+00 -0.279138080000D+00 -0.279215120000D+00 -0.279285970000D+00
-0.279350670000D+00 -0.279409220000D+00 -0.279461640000D+00 -0.279507950000D+00
-0.279548170000D+00 -0.279582310000D+00 -0.279610400000D+00 -0.279632430000D+00
-0.279648450000D+00 -0.279658450000D+00 -0.279662460000D+00 -0.279660490000D+00
-0.279652560000D+00 -0.279638690000D+00 -0.279618900000D+00 -0.279593190000D+00
-0.279561590000D+00 -0.279524120000D+00 -0.279480790000D+00 -0.279431610000D+00
-0.279376610000D+00 -0.279315800000D+00 -0.279249190000D+00 -0.279176810000D+00
-0.279098670000D+00 -0.279014790000D+00 -0.278925190000D+00 -0.278829870000D+00
-0.278728860000D+00 -0.278622180000D+00 -0.278509840000D+00 -0.278391860000D+00
-0.278268250000D+00 -0.278139030000D+00 -0.278004220000D+00 -0.277863840000D+00
-0.277717950000D+00 -0.277566680000D+00 -0.277410180000D+00 -0.277248590000D+00
-0.277082050000D+00 -0.276910700000D+00 -0.276734690000D+00 -0.276554150000D+00
-0.276369230000D+00 -0.276180070000D+00 -0.275986810000D+00 -0.275789590000D+00
-0.275588560000D+00 -0.275383860000D+00 -0.275175620000D+00 -0.274963990000D+00
-0.274749120000D+00 -0.274531140000D+00 -0.274310200000D+00 -0.274086430000D+00
-0.273859980000D+00 -0.273630990000D+00 -0.273399610000D+00 -0.273165970000D+00
-0.272930220000D+00 -0.272692490000D+00 -0.272452940000D+00 -0.272211690000D+00
-0.271968900000D+00 -0.271724710000D+00 -0.271479250000D+00 -0.271232670000D+00
-0.270985110000D+00 -0.270736690000D+00 -0.270487440000D+00 -0.270237350000D+00
-0.269986430000D+00 -0.269734690000D+00 -0.269482110000D+00 -0.269228720000D+00
-0.268974500000D+00 -0.268719460000D+00 -0.268463600000D+00 -0.268206930000D+00
-0.267949440000D+00 -0.267691150000D+00 -0.267432040000D+00 -0.267172130000D+00
-0.266911410000D+00 -0.266649900000D+00 -0.266387580000D+00 -0.266124470000D+00
-0.265860560000D+00 -0.265595850000D+00 -0.265330360000D+00 -0.265064080000D+00
-0.264797010000D+00 -0.264529160000D+00 -0.264260520000D+00 -0.263991110000D+00
-0.263720920000D+00 -0.263449950000D+00 -0.263178210000D+00 -0.262905700000D+00
-0.262632430000D+00 -0.262358380000D+00 -0.262083570000D+00 -0.261808000000D+00
-0.261531670000D+00 -0.261254580000D+00 -0.260976740000D+00 -0.260698150000D+00
-0.260418800000D+00 -0.260138710000D+00 -0.259857870000D+00 -0.259576280000D+00
-0.259293960000D+00 -0.259010890000D+00 -0.258727090000D+00 -0.258442550000D+00
-0.258157280000D+00 -0.257871280000D+00 -0.257584550000D+00 -0.257297090000D+00
-0.257008910000D+00 -0.256720010000D+00 -0.256430390000D+00 -0.256140060000D+00
-0.255849000000D+00 -0.255557240000D+00 -0.255264760000D+00 -0.254971580000D+00
-0.254677690000D+00 -0.254383090000D+00 -0.254087800000D+00 -0.253791800000D+00
-0.253495110000D+00 -0.253197720000D+00 -0.252899640000D+00 -0.252600870000D+00
-0.252301420000D+00 -0.252001270000D+00 -0.251700440000D+00 -0.251398930000D+00
-0.251096750000D+00 -0.250793880000D+00 -0.250490340000D+00 -0.250186130000D+00
-0.249881240000D+00 -0.249575690000D+00 -0.249269470000D+00 -0.248962590000D+00
-0.248655050000D+00 -0.248346850000D+00 -0.248037990000D+00 -0.247728470000D+00
-0.247418310000D+00 -0.247107490000D+00 -0.246796030000D+00 -0.246483920000D+00
-0.246171160000D+00 -0.245857770000D+00 -0.245543730000D+00 -0.245229060000D+00
-0.244913750000D+00 -0.244597820000D+00 -0.244281250000D+00 -0.243964050000D+00
-0.243646230000D+00 -0.243327780000D+00 -0.243008710000D+00 -0.242689030000D+00
-0.242368720000D+00 -0.242047800000D+00 -0.241726270000D+00 -0.241404130000D+00
-0.241081390000D+00 -0.240758030000D+00 -0.240434070000D+00 -0.240109510000D+00
-0.239784360000D+00 -0.239458600000D+00 -0.239132250000D+00 -0.238805310000D+00
-0.238477780000D+00 -0.238149660000D+00 -0.237820950000D+00 -0.237491660000D+00
-0.237161790000D+00 -0.236831350000D+00 -0.236500320000D+00 -0.236168720000D+00
-0.235836550000D+00 -0.235503800000D+00 -0.235170490000D+00 -0.234836620000D+00
-0.234502180000D+00 -0.234167180000D+00 -0.233831620000D+00 -0.233495500000D+00
-0.233158830000D+00 -0.232821610000D+00 -0.232483840000D+00 -0.232145520000D+00
-0.231806650000D+00 -0.231467240000D+00 -0.231127290000D+00 -0.230786810000D+00
-0.230445780000D+00 -0.230104220000D+00 -0.229762130000D+00 -0.229419510000D+00
-0.229076360000D+00 -0.228732680000D+00 -0.228388480000D+00 -0.228043770000D+00
-0.227698530000D+00 -0.227352770000D+00 -0.227006500000D+00 -0.226659720000D+00
-0.226312430000D+00 -0.225964640000D+00 -0.225616330000D+00 -0.225267530000D+00
-0.224918220000D+00 -0.224568410000D+00 -0.224218110000D+00 -0.223867310000D+00
-0.223516020000D+00 -0.223164240000D+00 -0.222811980000D+00 -0.222459230000D+00
-0.222105990000D+00 -0.221752280000D+00 -0.221398080000D+00 -0.221043410000D+00
-0.220688270000D+00 -0.220332650000D+00 -0.219976560000D+00 -0.219620010000D+00
-0.219262990000D+00 -0.218905510000D+00 -0.218547570000D+00 -0.218189160000D+00
-0.217830310000D+00 -0.217470990000D+00 -0.217111230000D+00 -0.216751020000D+00
-0.216390360000D+00 -0.216029250000D+00 -0.215667700000D+00 -0.215305710000D+00
-0.214943280000D+00 -0.214580420000D+00 -0.214217120000D+00 -0.213853390000D+00
-0.213489230000D+00 -0.213124640000D+00 -0.212759630000D+00 -0.212394200000D+00
-0.212028340000D+00 -0.211662070000D+00 -0.211295380000D+00 -0.210928270000D+00
-0.210560760000D+00 -0.210192830000D+00 -0.209824500000D+00 -0.209455760000D+00
-0.209086620000D+00 -0.208717080000D+00 -0.208347140000D+00 -0.207976800000D+00
-0.207606070000D+00 -0.207234950000D+00 -0.206863440000D+00 -0.206491540000D+00
-0.206119260000D+00 -0.205746600000D+00 -0.205373550000D+00 -0.205000120000D+00
-0.204626320000D+00 -0.204252150000D+00 -0.203877600000D+00 -0.203502690000D+00
-0.203127410000D+00 -0.202751760000D+00 -0.202375750000D+00 -0.201999380000D+00
-0.201622650000D+00 -0.201245560000D+00 -0.200868130000D+00 -0.200490340000D+00
-0.200112200000D+00 -0.199733710000D+00 -0.199354880000D+00 -0.198975700000D+00
-0.198596190000D+00 -0.198216340000D+00 -0.197836150000D+00 -0.197455630000D+00
-0.197074770000D+00 -0.196693590000D+00 -0.196312080000D+00 -0.195930250000D+00
-0.195548090000D+00 -0.195165610000D+00 -0.194782820000D+00 -0.194399710000D+00
-0.194016280000D+00 -0.193632540000D+00 -0.193248500000D+00 -0.192864150000D+00
-0.192479490000D+00 -0.192094530000D+00 -0.191709270000D+00 -0.191323710000D+00
-0.190937860000D+00 -0.190551710000D+00 -0.190165270000D+00 -0.189778540000D+00
-0.189391530000D+00 -0.189004230000D+00 -0.188616650000D+00 -0.188228780000D+00
-0.187840640000D+00 -0.187452230000D+00 -0.187063540000D+00 -0.186674580000D+00
-0.186285350000D+00 -0.185895850000D+00 -0.185506090000D+00 -0.185116070000D+00
-0.184725790000D+00 -0.184335250000D+00 -0.183944450000D+00 -0.183553400000D+00
-0.183162100000D+00 -0.182770550000D+00 -0.182378750000D+00 -0.181986710000D+00
-0.181594420000D+00 -0.181201900000D+00 -0.180809140000D+00 -0.180416140000D+00
-0.180022910000D+00 -0.179629450000D+00 -0.179235760000D+00 -0.178841840000D+00
-0.178447700000D+00 -0.178053330000D+00 -0.177658750000D+00 -0.177263950000D+00
-0.176868930000D+00 -0.176473700000D+00 -0.176078250000D+00 -0.175682600000D+00
-0.175286750000D+00 -0.174890690000D+00 -0.174494420000D+00 -0.174097960000D+00
-0.173701300000D+00 -0.173304440000D+00 -0.172907390000D+00 -0.172510150000D+00
-0.172112720000D+00 -0.171715100000D+00 -0.171317300000D+00 -0.170919320000D+00
-0.170521150000D+00 -0.170122810000D+00 -0.169724300000D+00 -0.169325610000D+00
-0.168926750000D+00 -0.168527720000D+00 -0.168128520000D+00 -0.167729170000D+00
-0.167329640000D+00 -0.166929960000D+00 -0.166530120000D+00 -0.166130130000D+00
-0.165729980000D+00 -0.165329680000D+00 -0.164929240000D+00 -0.164528640000D+00
-0.164127910000D+00 -0.163727030000D+00 -0.163326010000D+00 -0.162924850000D+00
-0.162523560000D+00 -0.162122140000D+00 -0.161720580000D+00 -0.161318900000D+00
-0.160917090000D+00 -0.160515150000D+00 -0.160113090000D+00 -0.159710920000D+00
-0.159308620000D+00 -0.158906220000D+00 -0.158503690000D+00 -0.158101060000D+00
-0.157698320000D+00 -0.157295470000D+00 -0.156892520000D+00 -0.156489470000D+00
-0.156086320000D+00 -0.155683070000D+00 -0.155279720000D+00 -0.154876280000D+00
-0.154472750000D+00 -0.154069140000D+00 -0.153665430000D+00 -0.153261640000D+00
-0.152857780000D+00 -0.152453830000D+00 -0.152049800000D+00 -0.151645700000D+00
-0.151241530000D+00 -0.150837280000D+00 -0.150432970000D+00 -0.150028590000D+00
-0.149624150000D+00 -0.149219640000D+00 -0.148815080000D+00 -0.148410460000D+00
-0.148005780000D+00 -0.147601050000D+00 -0.147196270000D+00 -0.146791440000D+00
-0.146386570000D+00 -0.145981650000D+00 -0.145576690000D+00 -0.145171690000D+00
-0.144766650000D+00 -0.144361580000D+00 -0.143956480000D+00 -0.143551350000D+00
-0.143146180000D+00 -0.142740990000D+00 -0.142335780000D+00 -0.141930550000D+00
-0.141525300000D+00 -0.141120020000D+00 -0.140714740000D+00 -0.140309440000D+00
-0.139904130000D+00 -0.139498820000D+00 -0.139093490000D+00 -0.138688170000D+00
-0.138282840000D+00 -0.137877510000D+00 -0.137472190000D+00 -0.137066870000D+00
-0.136661560000D+00 -0.136256260000D+00 -0.135850970000D+00 -0.135445690000D+00
-0.135040430000D+00 -0.134635190000D+00 -0.134229970000D+00 -0.133824780000D+00
-0.133419610000D+00 -0.133014460000D+00 -0.132609350000D+00 -0.132204260000D+00
-0.131799220000D+00 -0.131394200000D+00 -0.130989230000D+00 -0.130584300000D+00
-0.130179410000D+00 -0.129774570000D+00 -0.129369770000D+00 -0.128965020000D+00
-0.128560330000D+00 -0.128155690000D+00 -0.127751110000D+00 -0.127346580000D+00
-0.126942120000D+00 -0.126537710000D+00 -0.126133380000D+00 -0.125729110000D+00
-0.125324910000D+00 -0.124920790000D+00 -0.124516740000D+00 -0.124112760000D+00
-0.123708860000D+00 -0.123305050000D+00 -0.122901320000D+00 -0.122497670000D+00
-0.122094110000D+00 -0.121690640000D+00 -0.121287270000D+00 -0.120883980000D+00
-0.120480800000D+00 -0.120077710000D+00 -0.119674720000D+00 -0.119271840000D+00
-0.118869060000D+00 -0.118466390000D+00 -0.118063840000D+00 -0.117661390000D+00
-0.117259060000D+00 -0.116856840000D+00 -0.116454740000D+00 -0.116052770000D+00
-0.115650910000D+00 -0.115249190000D+00 -0.114847590000D+00 -0.114446120000D+00
-0.114044780000D+00 -0.113643580000D+00 -0.113242510000D+00 -0.112841590000D+00
-0.112440800000D+00 -0.112040160000D+00 -0.111639660000D+00 -0.111239310000D+00
-0.110839120000D+00 -0.110439070000D+00 -0.110039180000D+00 -0.109639440000D+00
-0.109239870000D+00 -0.108840450000D+00 -0.108441200000D+00 -0.108042120000D+00
-0.107643200000D+00 -0.107244450000D+00 -0.106845880000D+00 -0.106447480000D+00
-0.106049260000D+00 -0.105651210000D+00 -0.105253350000D+00 -0.104855670000D+00
-0.104458180000D+00 -0.104060870000D+00 -0.103663760000D+00 -0.103266840000D+00
-0.102870110000D+00 -0.102473580000D+00 -0.102077250000D+00 -0.101681120000D+00
-0.101285190000D+00 -0.100889470000D+00 -0.100493960000D+00 -0.100098650000D+00
-0.997035630000D-01 -0.993086890000D-01 -0.989140310000D-01 -0.985195920000D-01
-0.981253750000D-01 -0.977313810000D-01 -0.973376130000D-01 -0.969440740000D-01
-0.965507650000D-01 -0.961576880000D-01 -0.957648470000D-01 -0.953722420000D-01
-0.949798770000D-01 -0.945877530000D-01 -0.941958730000D-01 -0.938042390000D-01
-0.934128530000D-01 -0.930217180000D-01 -0.926308360000D-01 -0.922402080000D-01
-0.918498370000D-01 -0.914597260000D-01 -0.910698760000D-01 -0.906802910000D-01
-0.902909710000D-01 -0.899019200000D-01 -0.895131390000D-01 -0.891246310000D-01
-0.887363970000D-01 -0.883484410000D-01 -0.879607650000D-01 -0.875733700000D-01
-0.871862590000D-01 -0.867994340000D-01 -0.864128980000D-01 -0.860266520000D-01
-0.856406990000D-01 -0.852550410000D-01 -0.848696800000D-01 -0.844846190000D-01
-0.840998590000D-01 -0.837154040000D-01 -0.833312540000D-01 -0.829474130000D-01
-0.825638830000D-01 -0.821806660000D-01 -0.817977630000D-01 -0.814151780000D-01
-0.810329130000D-01 -0.806509690000D-01 -0.802693500000D-01 -0.798880560000D-01
-0.795070910000D-01 -0.791264570000D-01 -0.787461560000D-01 -0.783661900000D-01
-0.779865620000D-01 -0.776072730000D-01 -0.772283260000D-01 -0.768497230000D-01
-0.764714660000D-01 -0.760935580000D-01 -0.757160000000D-01 -0.753387960000D-01
-0.749619470000D-01 -0.745854550000D-01 -0.742093230000D-01 -0.738335540000D-01
-0.734581480000D-01 -0.730831080000D-01 -0.727084370000D-01 -0.723341380000D-01
-0.719602110000D-01 -0.715866590000D-01 -0.712134850000D-01 -0.708406910000D-01
-0.704682790000D-01 -0.700962500000D-01 -0.697246090000D-01 -0.693533560000D-01
-0.689824940000D-01 -0.686120250000D-01 -0.682419520000D-01 -0.678722760000D-01
-0.675030000000D-01 -0.671341260000D-01 -0.667656560000D-01 -0.663975930000D-01
-0.660299390000D-01 -0.656626950000D-01 -0.652958650000D-01 -0.649294500000D-01
-0.645634530000D-01 -0.641978760000D-01 -0.638327210000D-01 -0.634679900000D-01
-0.631036860000D-01 -0.627398110000D-01 -0.623763670000D-01 -0.620133560000D-01
-0.616507800000D-01 -0.612886430000D-01 -0.609269450000D-01 -0.605656890000D-01
-0.602048780000D-01 -0.598445140000D-01 -0.594845980000D-01 -0.591251340000D-01
-0.587661220000D-01 -0.584075670000D-01 -0.580494690000D-01 -0.576918310000D-01
-0.573346560000D-01 -0.569779450000D-01 -0.566217010000D-01 -0.562659250000D-01
-0.559106210000D-01 -0.555557910000D-01 -0.552014360000D-01 -0.548475580000D-01
-0.544941610000D-01 -0.541412460000D-01 -0.537888160000D-01 -0.534368730000D-01
-0.530854180000D-01 -0.527344550000D-01 -0.523839860000D-01 -0.520340120000D-01
-0.516845360000D-01 -0.513355600000D-01 -0.509870860000D-01 -0.506391170000D-01
-0.502916550000D-01 -0.499447020000D-01 -0.495982610000D-01 -0.492523330000D-01
-0.489069210000D-01 -0.485620260000D-01 -0.482176520000D-01 -0.478738010000D-01
-0.475304740000D-01 -0.471876740000D-01 -0.468454030000D-01 -0.465036630000D-01
-0.461624580000D-01 -0.458217880000D-01 -0.454816560000D-01 -0.451420640000D-01
-0.448030150000D-01 -0.444645100000D-01 -0.441265530000D-01 -0.437891450000D-01
-0.434522880000D-01 -0.431159850000D-01 -0.427802380000D-01 -0.424450490000D-01
-0.421104200000D-01 -0.417763540000D-01 -0.414428530000D-01 -0.411099190000D-01
-0.407775540000D-01 -0.404457610000D-01 -0.401145410000D-01 -0.397838970000D-01
-0.394538290000D-01 -0.391243400000D-01 -0.387954310000D-01 -0.384671020000D-01
-0.381393560000D-01 -0.378121940000D-01 -0.374856170000D-01 -0.371596260000D-01
-0.368342240000D-01 -0.365094110000D-01 -0.361851890000D-01 -0.358615590000D-01
-0.355385220000D-01 -0.352160810000D-01 -0.348942360000D-01 -0.345729890000D-01
-0.342523420000D-01 -0.339322950000D-01 -0.336128500000D-01 -0.332940080000D-01
-0.329757710000D-01 -0.326581410000D-01 -0.323411180000D-01 -0.320247040000D-01
-0.317089010000D-01 -0.313937090000D-01 -0.310791310000D-01 -0.307651680000D-01
-0.304518200000D-01 -0.301390900000D-01 -0.298269790000D-01 -0.295154880000D-01
-0.292046190000D-01 -0.288943730000D-01 -0.285847510000D-01 -0.282757550000D-01
-0.279673870000D-01 -0.276596470000D-01 -0.273525370000D-01 -0.270460590000D-01
-0.267402140000D-01 -0.264350020000D-01 -0.261304270000D-01 -0.258264890000D-01
-0.255231890000D-01 -0.252205290000D-01 -0.249185100000D-01 -0.246171340000D-01
-0.243164020000D-01 -0.240163160000D-01 -0.237168760000D-01 -0.234180850000D-01
-0.231199430000D-01 -0.228224530000D-01 -0.225256150000D-01 -0.222294310000D-01
-0.219339020000D-01 -0.216390300000D-01 -0.213448160000D-01 -0.210512610000D-01
-0.207583680000D-01 -0.204661370000D-01 -0.201745690000D-01 -0.198836670000D-01
-0.195934310000D-01 -0.193038630000D-01 -0.190149640000D-01 -0.187267360000D-01
-0.184391810000D-01 -0.181522980000D-01 -0.178660910000D-01 -0.175805600000D-01
-0.172957060000D-01 -0.170115320000D-01 -0.167280390000D-01 -0.164452270000D-01
-0.161630980000D-01 -0.158816550000D-01 -0.156008970000D-01 -0.153208270000D-01
-0.150414460000D-01 -0.147627550000D-01 -0.144847560000D-01 -0.142074510000D-01
-0.139308390000D-01 -0.136549240000D-01 -0.133797060000D-01 -0.131051870000D-01
-0.128313680000D-01 -0.125582500000D-01 -0.122858350000D-01 -0.120141250000D-01
-0.117431210000D-01 -0.114728230000D-01 -0.112032340000D-01 -0.109343560000D-01
-0.106661880000D-01 -0.103987330000D-01 -0.101319930000D-01 -0.986596790000D-02
-0.960065990000D-02 -0.933607030000D-02 -0.907220040000D-02 -0.880905170000D-02
-0.854662550000D-02 -0.828492340000D-02 -0.802394660000D-02 -0.776369660000D-02
-0.750417480000D-02 -0.724538250000D-02 -0.698732120000D-02 -0.672999240000D-02
-0.647339720000D-02 -0.621753730000D-02 -0.596241400000D-02 -0.570802870000D-02
-0.545438270000D-02 -0.520147750000D-02 -0.494931460000D-02 -0.469789520000D-02
-0.444722080000D-02 -0.419729280000D-02 -0.394811270000D-02 -0.369968170000D-02
-0.345200130000D-02 -0.320507290000D-02 -0.295889790000D-02 -0.271347780000D-02
-0.246881380000D-02 -0.222490750000D-02 -0.198176010000D-02 -0.173937320000D-02
-0.149774810000D-02 -0.125688620000D-02 -0.101678890000D-02 -0.777457620000D-03
-0.538893770000D-03 -0.301098740000D-03 -0.640739360000D-04  0.172179250000D-03
 0.407659410000D-03  0.642365140000D-03  0.876295040000D-03  0.110944770000D-02
 0.134182180000D-02  0.157341580000D-02  0.180422830000D-02  0.203425810000D-02
 0.226350360000D-02  0.249196350000D-02  0.271963630000D-02  0.294652070000D-02
 0.317261520000D-02  0.339791850000D-02  0.362242920000D-02  0.384614580000D-02
 0.406906700000D-02  0.429119130000D-02  0.451251730000D-02  0.473304370000D-02
 0.495276910000D-02  0.517169200000D-02  0.538981100000D-02  0.560712480000D-02
 0.582363190000D-02  0.603933100000D-02  0.625422060000D-02  0.646829930000D-02
 0.668156580000D-02  0.689401860000D-02  0.710565630000D-02  0.731647760000D-02
 0.752648100000D-02  0.773566510000D-02  0.794402850000D-02  0.815156990000D-02
 0.835828780000D-02  0.856418080000D-02  0.876924750000D-02  0.897348660000D-02
 0.917689650000D-02  0.937947600000D-02  0.958122360000D-02  0.978213790000D-02
 0.998221750000D-02  0.101814610000D-01  0.103798670000D-01  0.105774340000D-01
 0.107741610000D-01  0.109700460000D-01  0.111650880000D-01  0.113592860000D-01
 0.115526370000D-01  0.117451420000D-01  0.119367970000D-01  0.121276030000D-01
 0.123175570000D-01  0.125066580000D-01  0.126949050000D-01  0.128822960000D-01
 0.130688300000D-01  0.132545060000D-01  0.134393210000D-01  0.136232750000D-01
 0.138063670000D-01  0.139885940000D-01  0.141699560000D-01  0.143504510000D-01
 0.145300780000D-01  0.147088350000D-01  0.148867200000D-01  0.150637340000D-01
 0.152398730000D-01  0.154151370000D-01  0.155895240000D-01  0.157630330000D-01
 0.159356630000D-01  0.161074120000D-01  0.162782780000D-01  0.164482610000D-01
 0.166173580000D-01  0.167855690000D-01  0.169528920000D-01  0.171193250000D-01
 0.172848680000D-01  0.174495190000D-01  0.176132760000D-01  0.177761380000D-01
 0.179381040000D-01  0.180991720000D-01  0.182593410000D-01  0.184186100000D-01
 0.185769760000D-01  0.187344390000D-01  0.188909970000D-01  0.190466490000D-01
 0.192013940000D-01  0.193552300000D-01  0.195081550000D-01  0.196601680000D-01
 0.198112690000D-01  0.199614540000D-01  0.201107240000D-01  0.202590760000D-01
 0.204065100000D-01  0.205530230000D-01  0.206986150000D-01  0.208432840000D-01
 0.209870290000D-01  0.211298470000D-01  0.212717390000D-01  0.214127020000D-01
 0.215527350000D-01  0.216918360000D-01  0.218300050000D-01  0.219672390000D-01
 0.221035380000D-01  0.222389000000D-01  0.223733240000D-01  0.225068080000D-01
 0.226393500000D-01  0.227709500000D-01  0.229016060000D-01  0.230313170000D-01
 0.231600800000D-01  0.232878960000D-01  0.234147620000D-01  0.235406770000D-01
 0.236656390000D-01  0.237896480000D-01  0.239127020000D-01  0.240347980000D-01
 0.241559370000D-01  0.242761170000D-01  0.243953350000D-01  0.245135920000D-01
 0.246308840000D-01  0.247472120000D-01  0.248625730000D-01  0.249769670000D-01
 0.250903910000D-01  0.252028450000D-01  0.253143260000D-01  0.254248350000D-01
 0.255343680000D-01  0.256429250000D-01  0.257505040000D-01  0.258571050000D-01
 0.259627250000D-01  0.260673630000D-01  0.261710180000D-01  0.262736880000D-01
 0.263753720000D-01  0.264760690000D-01  0.265757770000D-01  0.266744950000D-01
 0.267722210000D-01  0.268689530000D-01  0.269646920000D-01  0.270594350000D-01
 0.271531800000D-01  0.272459270000D-01  0.273376730000D-01  0.274284180000D-01
 0.275181610000D-01  0.276068990000D-01  0.276946310000D-01  0.277813560000D-01
 0.278670730000D-01  0.279517800000D-01  0.280354760000D-01  0.281181590000D-01
 0.281998280000D-01  0.282804810000D-01  0.283601180000D-01  0.284387360000D-01
 0.285163350000D-01  0.285929120000D-01  0.286684670000D-01  0.287429990000D-01
 0.288165050000D-01  0.288889840000D-01  0.289604350000D-01  0.290308560000D-01
 0.291002470000D-01  0.291686060000D-01  0.292359300000D-01  0.293022200000D-01
 0.293674730000D-01  0.294316880000D-01  0.294948640000D-01  0.295569990000D-01
 0.296180920000D-01  0.296781420000D-01  0.297371470000D-01  0.297951050000D-01
 0.298520160000D-01  0.299078770000D-01  0.299626880000D-01  0.300164480000D-01
 0.300691530000D-01  0.301208050000D-01  0.301714000000D-01  0.302209370000D-01
 0.302694150000D-01  0.303168340000D-01  0.303631900000D-01  0.304084840000D-01
 0.304527120000D-01  0.304958750000D-01  0.305379710000D-01  0.305789980000D-01
 0.306189540000D-01  0.306578400000D-01  0.306956520000D-01  0.307323900000D-01
 0.307680520000D-01  0.308026370000D-01  0.308361430000D-01  0.308685700000D-01
 0.308999150000D-01  0.309301770000D-01  0.309593560000D-01  0.309874480000D-01
 0.310144540000D-01  0.310403720000D-01  0.310651990000D-01  0.310889360000D-01
 0.311115800000D-01  0.311331300000D-01  0.311535840000D-01  0.311729420000D-01
 0.311912020000D-01  0.312083620000D-01  0.312244210000D-01  0.312393780000D-01
 0.312532310000D-01  0.312659790000D-01  0.312776200000D-01  0.312881530000D-01
 0.312975770000D-01  0.313058910000D-01  0.313130920000D-01  0.313191790000D-01
 0.313241510000D-01  0.313280070000D-01  0.313307460000D-01  0.313323650000D-01
 0.313328630000D-01  0.313322400000D-01  0.313304930000D-01  0.313276210000D-01
 0.313236230000D-01  0.313184980000D-01  0.313122430000D-01  0.313048580000D-01
 0.312963420000D-01  0.312866920000D-01  0.312759070000D-01  0.312639870000D-01
 0.312509290000D-01  0.312367320000D-01  0.312213950000D-01  0.312049170000D-01
 0.311872950000D-01  0.311685300000D-01  0.311486180000D-01  0.311275590000D-01
 0.311053510000D-01  0.310819940000D-01  0.310574850000D-01  0.310318230000D-01
 0.310050070000D-01  0.309770350000D-01  0.309479060000D-01  0.309176220000D-01
 0.308861910000D-01  0.308536260000D-01  0.308199400000D-01  0.307851440000D-01
 0.307492520000D-01  0.307122750000D-01  0.306742260000D-01  0.306351170000D-01
 0.305949610000D-01  0.305537690000D-01  0.305115540000D-01  0.304683290000D-01
 0.304241050000D-01  0.303788950000D-01  0.303327120000D-01  0.302855670000D-01
 0.302374730000D-01  0.301884420000D-01  0.301384870000D-01  0.300876200000D-01
 0.300358530000D-01  0.299831980000D-01  0.299296680000D-01  0.298752760000D-01
 0.298200330000D-01  0.297639510000D-01  0.297070440000D-01  0.296493230000D-01
 0.295908000000D-01  0.295314890000D-01  0.294714010000D-01  0.294105490000D-01
 0.293489450000D-01  0.292866010000D-01  0.292235290000D-01  0.291597430000D-01
 0.290952530000D-01  0.290300740000D-01  0.289642160000D-01  0.288976920000D-01
 0.288305150000D-01  0.287626960000D-01  0.286942490000D-01  0.286251850000D-01
 0.285555170000D-01  0.284852560000D-01  0.284144170000D-01  0.283430100000D-01
 0.282710480000D-01  0.281985430000D-01  0.281255080000D-01  0.280519540000D-01
 0.279778950000D-01  0.279033430000D-01  0.278283100000D-01  0.277528070000D-01
 0.276768490000D-01  0.276004460000D-01  0.275236110000D-01  0.274463570000D-01
 0.273686950000D-01  0.272906390000D-01  0.272122000000D-01  0.271333910000D-01
 0.270542230000D-01  0.269747100000D-01  0.268948640000D-01  0.268146970000D-01
 0.267342210000D-01  0.266534490000D-01  0.265723920000D-01  0.264910640000D-01
 0.264094770000D-01  0.263276420000D-01  0.262455720000D-01  0.261632800000D-01
 0.260807780000D-01  0.259980780000D-01  0.259151920000D-01  0.258321340000D-01
 0.257489140000D-01  0.256655450000D-01  0.255820400000D-01  0.254984040000D-01
 0.254146410000D-01  0.253307510000D-01  0.252467390000D-01  0.251626060000D-01
 0.250783550000D-01  0.249939890000D-01  0.249095090000D-01  0.248249190000D-01
 0.247402210000D-01  0.246554170000D-01  0.245705100000D-01  0.244855020000D-01
 0.244003970000D-01  0.243151960000D-01  0.242299010000D-01  0.241445160000D-01
 0.240590430000D-01  0.239734850000D-01  0.238878430000D-01  0.238021200000D-01
 0.237163200000D-01  0.236304430000D-01  0.235444940000D-01  0.234584740000D-01
 0.233723860000D-01  0.232862320000D-01  0.232000140000D-01  0.231137370000D-01
 0.230274010000D-01  0.229410090000D-01  0.228545640000D-01  0.227680680000D-01
 0.226815250000D-01  0.225949350000D-01  0.225083020000D-01  0.224216290000D-01
 0.223349170000D-01  0.222481690000D-01  0.221613880000D-01  0.220745770000D-01
 0.219877370000D-01  0.219008720000D-01  0.218139830000D-01  0.217270730000D-01
 0.216401450000D-01  0.215532010000D-01  0.214662440000D-01  0.213792760000D-01
 0.212923000000D-01  0.212053180000D-01  0.211183330000D-01  0.210313470000D-01
 0.209443620000D-01  0.208573820000D-01  0.207704090000D-01  0.206834440000D-01
 0.205964910000D-01  0.205095520000D-01  0.204226300000D-01  0.203357270000D-01
 0.202488460000D-01  0.201619890000D-01  0.200751580000D-01  0.199883560000D-01
 0.199015870000D-01  0.198148510000D-01  0.197281510000D-01  0.196414910000D-01
 0.195548720000D-01  0.194682980000D-01  0.193817700000D-01  0.192952910000D-01
 0.192088630000D-01  0.191224900000D-01  0.190361730000D-01  0.189499150000D-01
 0.188637190000D-01  0.187775870000D-01  0.186915210000D-01  0.186055240000D-01
 0.185195990000D-01  0.184337480000D-01  0.183479730000D-01  0.182622770000D-01
 0.181766630000D-01  0.180911320000D-01  0.180056880000D-01  0.179203330000D-01
 0.178350700000D-01  0.177499000000D-01  0.176648270000D-01  0.175798530000D-01
 0.174949800000D-01  0.174102110000D-01  0.173255490000D-01  0.172409950000D-01
 0.171565530000D-01  0.170722250000D-01  0.169880130000D-01  0.169039200000D-01
 0.168199490000D-01  0.167361010000D-01  0.166523800000D-01  0.165687870000D-01
 0.164853260000D-01  0.164019990000D-01  0.163188080000D-01  0.162357560000D-01
 0.161528450000D-01  0.160700780000D-01  0.159874580000D-01  0.159049860000D-01
 0.158226650000D-01  0.157404990000D-01  0.156584880000D-01  0.155766370000D-01
 0.154949470000D-01  0.154134200000D-01  0.153320600000D-01  0.152508680000D-01
 0.151698480000D-01  0.150890020000D-01  0.150083310000D-01  0.149278400000D-01
 0.148475300000D-01  0.147674030000D-01  0.146874630000D-01  0.146077120000D-01
 0.145281510000D-01  0.144487850000D-01  0.143696140000D-01  0.142906430000D-01
 0.142118720000D-01  0.141333050000D-01  0.140549440000D-01  0.139767930000D-01
 0.138988520000D-01  0.138211250000D-01  0.137436140000D-01  0.136663210000D-01
 0.135892500000D-01  0.135124020000D-01  0.134357810000D-01  0.133593880000D-01
 0.132832260000D-01  0.132072980000D-01  0.131316060000D-01  0.130561530000D-01
 0.129809410000D-01  0.129059720000D-01  0.128312500000D-01  0.127567760000D-01
 0.126825530000D-01  0.126085830000D-01  0.125348700000D-01  0.124614150000D-01
 0.123882210000D-01  0.123152910000D-01  0.122426270000D-01  0.121702320000D-01
 0.120981070000D-01  0.120262560000D-01  0.119546810000D-01  0.118833840000D-01
 0.118123690000D-01  0.117416360000D-01  0.116711870000D-01  0.116010190000D-01
 0.115311340000D-01  0.114615300000D-01  0.113922060000D-01  0.113231630000D-01
 0.112543990000D-01  0.111859140000D-01  0.111177070000D-01  0.110497790000D-01
 0.109821270000D-01  0.109147520000D-01  0.108476540000D-01  0.107808300000D-01
 0.107142820000D-01  0.106480090000D-01  0.105820090000D-01  0.105162820000D-01
 0.104508280000D-01  0.103856470000D-01  0.103207370000D-01  0.102560980000D-01
 0.101917290000D-01  0.101276300000D-01  0.100638010000D-01  0.100002400000D-01
 0.993694780000D-02  0.987392300000D-02  0.981116520000D-02  0.974867390000D-02
 0.968644850000D-02  0.962448850000D-02  0.956279330000D-02  0.950136230000D-02
 0.944019490000D-02  0.937929060000D-02  0.931864890000D-02  0.925826910000D-02
 0.919815070000D-02  0.913829310000D-02  0.907869570000D-02  0.901935800000D-02
 0.896027950000D-02  0.890145950000D-02  0.884289740000D-02  0.878459280000D-02
 0.872654510000D-02  0.866875360000D-02  0.861121780000D-02  0.855393720000D-02
 0.849691120000D-02  0.844013910000D-02  0.838362060000D-02  0.832735490000D-02
 0.827134150000D-02  0.821557980000D-02  0.816006940000D-02  0.810480950000D-02
 0.804979970000D-02  0.799503940000D-02  0.794052790000D-02  0.788626490000D-02
 0.783224950000D-02  0.777848150000D-02  0.772496000000D-02  0.767168460000D-02
 0.761865480000D-02  0.756586980000D-02  0.751332930000D-02  0.746103250000D-02
 0.740897900000D-02  0.735716820000D-02  0.730559940000D-02  0.725427230000D-02
 0.720318600000D-02  0.715234020000D-02  0.710173430000D-02  0.705136760000D-02
 0.700123960000D-02  0.695134970000D-02  0.690169740000D-02  0.685228210000D-02
 0.680310330000D-02  0.675416030000D-02  0.670545260000D-02  0.665697970000D-02
 0.660874090000D-02  0.656073570000D-02  0.651296360000D-02  0.646542390000D-02
 0.641811610000D-02  0.637103970000D-02  0.632419400000D-02  0.627757850000D-02
 0.623119270000D-02  0.618503590000D-02  0.613910760000D-02  0.609340730000D-02
 0.604793430000D-02  0.600268810000D-02  0.595766820000D-02  0.591287390000D-02
 0.586830470000D-02  0.582396000000D-02  0.577983930000D-02  0.573594200000D-02
 0.569226750000D-02  0.564881530000D-02  0.560558480000D-02  0.556257540000D-02
 0.551978660000D-02  0.547721770000D-02  0.543486830000D-02  0.539273770000D-02
 0.535082550000D-02  0.530913090000D-02  0.526765360000D-02  0.522639280000D-02
 0.518534800000D-02  0.514451870000D-02  0.510390430000D-02  0.506350420000D-02
 0.502331790000D-02  0.498334470000D-02  0.494358420000D-02  0.490403570000D-02
 0.486469870000D-02  0.482557270000D-02  0.478665700000D-02  0.474795110000D-02
 0.470945440000D-02  0.467116630000D-02  0.463308640000D-02  0.459521390000D-02
 0.455754840000D-02  0.452008930000D-02  0.448283610000D-02  0.444578800000D-02
 0.440894470000D-02  0.437230550000D-02  0.433586980000D-02  0.429963710000D-02
 0.426360680000D-02  0.422777840000D-02  0.419215130000D-02  0.415672480000D-02
 0.412149860000D-02  0.408647190000D-02  0.405164420000D-02  0.401701490000D-02
 0.398258360000D-02  0.394834960000D-02  0.391431230000D-02  0.388047120000D-02
 0.384682570000D-02  0.381337520000D-02  0.378011920000D-02  0.374705720000D-02
 0.371418840000D-02  0.368151250000D-02  0.364902880000D-02  0.361673670000D-02
 0.358463570000D-02  0.355272520000D-02  0.352100460000D-02  0.348947340000D-02
 0.345813110000D-02  0.342697690000D-02  0.339601050000D-02  0.336523110000D-02
 0.333463830000D-02  0.330423150000D-02  0.327401010000D-02  0.324397350000D-02
 0.321412120000D-02  0.318445250000D-02  0.315496710000D-02  0.312566420000D-02
 0.309654330000D-02  0.306760380000D-02  0.303884530000D-02  0.301026700000D-02
 0.298186840000D-02  0.295364910000D-02  0.292560830000D-02  0.289774560000D-02
 0.287006030000D-02  0.284255190000D-02  0.281521990000D-02  0.278806360000D-02
 0.276108260000D-02  0.273427620000D-02  0.270764380000D-02  0.268118490000D-02
 0.265489900000D-02  0.262878550000D-02  0.260284370000D-02  0.257707320000D-02
 0.255147330000D-02  0.252604350000D-02  0.250078330000D-02  0.247569200000D-02
 0.245076920000D-02  0.242601410000D-02  0.240142630000D-02  0.237700530000D-02
 0.235275030000D-02  0.232866090000D-02  0.230473650000D-02  0.228097650000D-02
 0.225738040000D-02  0.223394760000D-02  0.221067750000D-02  0.218756960000D-02
 0.216462330000D-02  0.214183800000D-02  0.211921310000D-02  0.209674820000D-02
 0.207444250000D-02  0.205229570000D-02  0.203030700000D-02  0.200847590000D-02
 0.198680190000D-02  0.196528440000D-02  0.194392280000D-02  0.192271660000D-02
 0.190166510000D-02  0.188076790000D-02  0.186002440000D-02  0.183943390000D-02
 0.181899590000D-02  0.179870990000D-02  0.177857530000D-02  0.175859150000D-02
 0.173875800000D-02  0.171907410000D-02  0.169953940000D-02  0.168015320000D-02
 0.166091500000D-02  0.164182420000D-02  0.162288030000D-02  0.160408270000D-02
 0.158543080000D-02  0.156692400000D-02  0.154856180000D-02  0.153034360000D-02
 0.151226890000D-02  0.149433700000D-02  0.147654750000D-02  0.145889970000D-02
 0.144139310000D-02  0.142402720000D-02  0.140680120000D-02  0.138971480000D-02
 0.137276720000D-02  0.135595800000D-02  0.133928660000D-02  0.132275240000D-02
 0.130635480000D-02  0.129009340000D-02  0.127396740000D-02  0.125797640000D-02
 0.124211970000D-02  0.122639690000D-02  0.121080730000D-02  0.119535040000D-02
 0.118002560000D-02  0.116483230000D-02  0.114977000000D-02  0.113483810000D-02
 0.112003610000D-02  0.110536330000D-02  0.109081930000D-02  0.107640340000D-02
 0.106211500000D-02  0.104795370000D-02  0.103391880000D-02  0.102000980000D-02
 0.100622610000D-02  0.992567070000D-03  0.979032260000D-03  0.965621060000D-03
 0.952332900000D-03  0.939167200000D-03  0.926123410000D-03  0.913200950000D-03
 0.900399270000D-03  0.887717790000D-03  0.875155940000D-03  0.862713160000D-03
 0.850388880000D-03  0.838182540000D-03  0.826093570000D-03  0.814121390000D-03
 0.802265450000D-03  0.790525180000D-03  0.778900010000D-03  0.767389360000D-03
 0.755992690000D-03  0.744709410000D-03  0.733538970000D-03  0.722480790000D-03
 0.711534310000D-03  0.700698950000D-03  0.689974170000D-03  0.679359380000D-03
 0.668854010000D-03  0.658457520000D-03  0.648169310000D-03  0.637988840000D-03
 0.627915530000D-03  0.617948810000D-03  0.608088120000D-03  0.598332890000D-03
 0.588682560000D-03  0.579136550000D-03  0.569694300000D-03  0.560355250000D-03
 0.551118820000D-03  0.541984450000D-03  0.532951570000D-03  0.524019610000D-03
 0.515188020000D-03  0.506456210000D-03  0.497823630000D-03  0.489289710000D-03
 0.480853870000D-03  0.472515560000D-03  0.464274210000D-03  0.456129240000D-03
 0.448080090000D-03  0.440126200000D-03  0.432267000000D-03  0.424501920000D-03
 0.416830400000D-03  0.409251860000D-03  0.401765740000D-03  0.394371470000D-03
 0.387068490000D-03  0.379856230000D-03  0.372734120000D-03  0.365701590000D-03
 0.358758080000D-03  0.351903030000D-03  0.345135860000D-03  0.338456000000D-03
 0.331862900000D-03  0.325355980000D-03  0.318934670000D-03  0.312598410000D-03
 0.306346640000D-03  0.300178780000D-03  0.294094270000D-03  0.288092540000D-03
 0.282173020000D-03  0.276335150000D-03  0.270578360000D-03  0.264902090000D-03
 0.259305760000D-03  0.253788810000D-03  0.248350670000D-03  0.242990780000D-03
 0.237708560000D-03  0.232503460000D-03  0.227374900000D-03  0.222322310000D-03
 0.217345140000D-03  0.212442810000D-03  0.207614760000D-03  0.202860420000D-03
 0.198179210000D-03  0.193570590000D-03  0.189033970000D-03  0.184568790000D-03
 0.180174490000D-03  0.175850490000D-03  0.171596240000D-03  0.167411160000D-03
 0.163294680000D-03  0.159246240000D-03  0.155265280000D-03  0.151351220000D-03
 0.147503500000D-03  0.143721550000D-03  0.140004810000D-03  0.136352700000D-03
 0.132764660000D-03  0.129240130000D-03  0.125778530000D-03  0.122379300000D-03
 0.119041870000D-03  0.115765680000D-03  0.112550160000D-03  0.109394740000D-03
 0.106298850000D-03  0.103261930000D-03  0.100283420000D-03  0.973627310000D-04
 0.944993120000D-04  0.916925920000D-04  0.889420050000D-04  0.862469830000D-04
 0.836069590000D-04  0.810213680000D-04  0.784896400000D-04  0.760112100000D-04
 0.735855100000D-04  0.712119740000D-04  0.688900350000D-04  0.666191240000D-04
 0.643986770000D-04  0.622281240000D-04  0.601069010000D-04  0.580344390000D-04
 0.560101710000D-04  0.540335310000D-04  0.521039510000D-04  0.502208650000D-04
 0.483837050000D-04  0.465919050000D-04  0.448448980000D-04  0.431421160000D-04
 0.414829920000D-04  0.398669600000D-04  0.382934530000D-04  0.367619040000D-04
 0.352717440000D-04  0.338224090000D-04  0.324133300000D-04  0.310439410000D-04
 0.297136740000D-04  0.284219630000D-04  0.271682410000D-04  0.259519400000D-04
 0.247724940000D-04  0.236293360000D-04  0.225218980000D-04  0.214496140000D-04
 0.204119160000D-04  0.194082380000D-04  0.184380130000D-04  0.175006740000D-04
 0.165956530000D-04  0.157223840000D-04  0.148803000000D-04  0.140688330000D-04
 0.132874180000D-04  0.125354860000D-04  0.118124700000D-04  0.111178050000D-04
 0.104509220000D-04  0.981125480000D-05  0.919823650000D-05  0.861129990000D-05
 0.804987820000D-05  0.751340430000D-05  0.700131110000D-05  0.651303170000D-05
 0.604799920000D-05  0.560564650000D-05  0.518540660000D-05  0.478671250000D-05
 0.440899730000D-05  0.405169390000D-05  0.371423530000D-05  0.339605460000D-05
 0.309658480000D-05  0.281525890000D-05  0.255150980000D-05  0.230477060000D-05
 0.207447430000D-05  0.186005390000D-05  0.166094240000D-05  0.147657290000D-05
 0.130637820000D-05  0.114979150000D-05  0.100624570000D-05  0.875173820000D-06
 0.756008910000D-06  0.648183950000D-06  0.551131960000D-06  0.464285930000D-06
 0.387078870000D-06  0.318943790000D-06  0.259313710000D-06  0.207621610000D-06
 0.163300520000D-06  0.125783440000D-06  0.945033670000D-07  0.688933200000D-07
 0.483863010000D-07  0.324153170000D-07  0.204133760000D-07  0.118134840000D-07
 0.604864810000D-08  0.255187480000D-08  0.756171140000D-09  0.945439290000D-10

