    500   0.850000000000000         5.8500         100.00      1   0

    19.0723721664801         18.8707180845491         18.6699371913616
    18.4700369994402         18.2710336338300         18.0729432195763
    17.8757647566790         17.6795229827061         17.4842254101800
    17.2898967766687         17.0965189571269         16.9041251016450
    16.7127315352683         16.5223285454741         16.3329321573077
    16.1445673083369         15.9572328985617         15.7709277279821
    15.5856767341659         15.4014873296357         15.2183670269141
    15.0363235385238         14.8553556644647         14.6754847972957
    14.4967131820257         14.3190502536819         14.1424992185255
    13.9670692115838         13.7927695678839         13.6196061774438
    13.4475812852726         13.2767076714064         13.1069860583498
    12.9384221361209         12.7710261009991         12.6047985754888
    12.4397444883559         12.2758680071139         12.1131800892946
    11.9516788736457         11.7913700501852         11.6322586476789
    11.4743461498837         11.3176384468177         11.1621377834898
    11.0078467049091         10.8547647723280         10.7029023820257
    10.5522599565068         10.4028340120145         10.2546336835759
    10.1076562486866         9.96190491360779         9.81737953959177
    9.67408409415210         9.53201929979330         9.39118147275859
    9.25157736431832         9.11320587447248         8.97606590322108
    8.84015903432090         8.70548492902420         8.57204344858324
    8.43983359299802         8.30885502352080         8.17910674015158
    8.05058688163810         7.92329931549393         7.79723893545776
    7.67240281902506         7.54879331120489         7.42640672824046
    7.30524044762725         7.18529499186978         7.06656581595900
    6.94905029739041         6.83274799741624         6.71765715478426
    6.60377150198088         6.49109328401516         6.37961384961674
    6.26933296003789         6.16024510901731         6.05234929655499
    5.94564193889415         5.84011504601671         5.73577268543622
    5.63260600588235         5.53060970109379         5.42978008731375
    5.33011434203772         5.23160705900439         5.13425379320472
    5.03805182213418         4.94299123327017         4.84907122661269
    4.75628619590044         4.66463007361984         4.57409821476186
    4.48468445181294         4.39638261725950         4.30918796609250
    4.22309539205064         4.13809842762036         4.05418842153131
    3.97136427378348         3.88961617185428         3.80894139323917
    3.72933032541555         3.65077583961760         3.57327252958402
    3.49681585030574         3.42139705051245         3.34700900143829
    3.27364543556972         3.20130018539316         3.12996429963827
    3.05963333329601         2.99029767384377         2.92195105376798
    2.85458634430282         2.78819469417793         2.72276983587977
    2.65830397939023         2.59478979594350         2.53221863426923
    2.47058396847817         2.40987772242701         2.35009095872018
    2.29121621796572         2.23324637139781         2.17617230937043
    2.11998690311773         2.06468055399190         2.01024662222892
    1.95667576755663         1.90396076120920         1.85209166003790
    1.80106096302644         1.75086113853243         1.70148221565757
    1.65291716563604         1.60515598982000         1.55819151494273
    1.51201365623116         1.46661548491947         1.42198649948325
    1.37811924053053         1.33500547354233         1.29263495536991
    1.25100055724744         1.21009207765050         1.16990221168805
    1.13042053171045         1.09163974670140         1.05354985963741
    1.01614322500129        0.979409663519077        0.943341109047455
   0.907929225392300        0.873164044430282        0.839037804231332
   0.805540727535096        0.772664809873396        0.740400389919904
   0.708739496460253        0.677672480895702        0.647190941050728
   0.617286488338644        0.587949517749548        0.559172105102920
   0.530944695676514        0.503259295002153        0.476106513382999
   0.449478296063216        0.423365468659030        0.397759630526225
   0.372652238770132        0.348034538245629        0.323898310558953
   0.300234572189303        0.277035276993368        0.254291497575575
   0.231995466168289        0.210138275375937        0.188711945180432
   0.167707922687107        0.147117999502196        0.126934367858066
   0.107148474860046        0.877524466152790D-001   0.687382369804500D-001
   0.500977898122470D-001   0.318233173430370D-001   0.139067934295070D-001
  -0.365959969597801D-002  -0.208834575505990D-001  -0.377724056515370D-001
  -0.543341456412020D-001  -0.705762930367750D-001  -0.865063772302130D-001
  -0.102131583112566       -0.117459353950564       -0.132496960760486
  -0.147251588433382       -0.161730259609853       -0.175940073055723
  -0.189888112536819       -0.203580975067608       -0.217025670288692
  -0.230228694089312       -0.243196716609164       -0.255936319862716
  -0.268453913613987       -0.280755651251313       -0.292848028663939
  -0.304737025789751       -0.316428450716183       -0.327925354923435
  -0.339228291660150       -0.350338333326329       -0.361256032170614
  -0.371982546318233       -0.382518256767376       -0.392864148392817
  -0.403021119944105       -0.412989638544656       -0.422770948444923
  -0.432365429643097       -0.441774155139178       -0.450997765307036
  -0.460037154896219       -0.468893048405822       -0.477566353585393
  -0.486057699808802       -0.494367908700370       -0.502497791884420
  -0.510448333235725       -0.518220162128154       -0.525813841810352
  -0.533230624532771       -0.540471129669279       -0.547536006593747
  -0.554426249180949       -0.561142400679528       -0.567685541089484
  -0.574056289784687       -0.580255402264232       -0.586283842402894
  -0.592142335699767       -0.597831541528723       -0.603352596014986
  -0.608705890156748       -0.613892580079235       -0.618913046780639
  -0.623768446386186       -0.628459428269744       -0.632986880180863
  -0.637351441493411       -0.641553837706485       -0.645595321070537
  -0.649476100333305       -0.653197493870468       -0.656759978805443
  -0.660164270637327       -0.663411459366118       -0.666502078240462
  -0.669437045009904       -0.672217333549221       -0.674843487107054
  -0.677316165057273       -0.679636609650332       -0.681805268009646
  -0.683823067884764       -0.685690790900009       -0.687409106429248
  -0.688979064472483       -0.690401228278357       -0.691676399471191
  -0.692805495800534       -0.693789232765481       -0.694628584240806
  -0.695324037349927       -0.695876652092843       -0.696287153968650
  -0.696556278476445       -0.696684654990096       -0.696673363509603
  -0.696523205659289       -0.696234830813022       -0.695808964469899
  -0.695246666629920       -0.694550200541728       -0.693727433954870
  -0.692787178493670       -0.691738083531996       -0.690589142944621
  -0.689348986105417       -0.688026520763931       -0.686630568544484
  -0.685169138820946       -0.683645135468091       -0.682058450110240
  -0.680408629870812       -0.678695910875032       -0.676919906371544
  -0.675080852485574       -0.673178200215313       -0.671211927310309
  -0.669182001520110       -0.667088208343812       -0.664930449405736
  -0.662708596330204       -0.660422550741538       -0.658072088138834
  -0.655657014021187       -0.653177478388597       -0.650633104489708
  -0.648023697823616       -0.645349378390320       -0.642609875563690
  -0.639804994842821       -0.636934770102489       -0.633998844591336
  -0.630997444434588       -0.627930010630437       -0.624796617053656
  -0.621597145328568       -0.618331553204720       -0.614999225555077
  -0.611600723005770       -0.608135496554991       -0.604603533952287
  -0.601004706821979       -0.597338466162260       -0.593605478724485
  -0.589805013256395       -0.585937153632762       -0.582001665352683
  -0.577998546165705       -0.573927485445698       -0.569788470942210
  -0.565581288154336       -0.561306010956851       -0.556962414848850
  -0.552550056953751       -0.548069249522005       -0.543519605802256
  -0.538901113544053       -0.534213385996038       -0.529456573158212
  -0.524630556654896       -0.519734969734734       -0.514769942397726
  -0.509735107892516       -0.504630423968650       -0.499455888375678
  -0.494211190487469       -0.488896135803118       -0.483510692072173
  -0.478054827044182       -0.472528260093015       -0.466931131218672
  -0.461262815294118       -0.455523700695031       -0.449713162294376
  -0.443831598467832       -0.437933149732151       -0.432072913981569
  -0.426251117341314       -0.420467373060029       -0.414721937262940
  -0.409014671574369       -0.403345725994316       -0.397714896021876
  -0.392122417782275       -0.386567904524158       -0.381051850748428
  -0.375573889703729       -0.370134075264835       -0.364732623556972
  -0.359369340079235       -0.354044374831625       -0.348757427188011
  -0.343508905524072       -0.338298529213677       -0.333126428256825
  -0.327992494277840       -0.322896771151494       -0.317839332752562
  -0.312820060705366       -0.307839085009904       -0.302896211165274
  -0.297991761421927       -0.293125349028507       -0.288297382360692
  -0.283507494667126       -0.278755719822582       -0.274042313952287
  -0.269367224805788       -0.264730267882181       -0.260131487056240
  -0.255571204578417       -0.251048785321678       -0.246564886037378
  -0.242119139974162       -0.237711773257256       -0.233342323010077
  -0.229011273733529       -0.224718430926707       -0.220463752339161
  -0.216247484096116       -0.212069421696667       -0.207929609015589
  -0.203827937677203       -0.199764643806735       -0.195739512903281
  -0.191752598841616       -0.187803977496512       -0.183893518492292
  -0.180021410891568       -0.176187453193437       -0.172391840073034
  -0.168634386254500       -0.164915251962880       -0.161234277759883
  -0.157591547357850       -0.153987099406511       -0.150421032843252
  -0.146893069654466       -0.143403334615106       -0.139951875987426
  -0.136538802321333       -0.133163849828266       -0.129827163508225
  -0.126528686273189       -0.123268483610456       -0.120046664069934
  -0.116862974475583       -0.113717548214882       -0.110610364649901
  -0.107541566780639       -0.104510892818534       -0.101518509601154
  -0.985643640404789D-001  -0.956484583361468D-001  -0.927709461006804D-001
  -0.899315903830850D-001  -0.871304825082250D-001  -0.843676352882611D-001
  -0.816431476605805D-001  -0.789568287368013D-001  -0.763087678417880D-001
  -0.736989691751787D-001  -0.711275260618379D-001  -0.685942608384291D-001
  -0.660992562172939D-001  -0.636425260105934D-001  -0.612240571929205D-001
  -0.588439084766170D-001  -0.565018876484368D-001  -0.541979899706313D-001
  -0.519321828678839D-001  -0.497044722149686D-001  -0.475146962487297D-001
  -0.453628340063733D-001  -0.432488615251055D-001  -0.411726975544742D-001
  -0.391343804193437D-001  -0.371337235189906D-001  -0.351707297281888D-001
  -0.332453522465765D-001  -0.313575939489277D-001  -0.295072940720868D-001
  -0.276944507395573D-001  -0.259190165959866D-001  -0.241809337834812D-001
  -0.224801955642925D-001  -0.208166602615623D-001  -0.191903258600465D-001
  -0.176011322243562D-001  -0.160490625592111D-001  -0.145340011640686D-001
  -0.130559248373870D-001  -0.116147833337955D-001  -0.102105246079235D-001
  -0.884311960695892D-002  -0.751246587164758D-002  -0.621853683293429D-002
  -0.496128104544828D-002  -0.374065978260270D-002  -0.255658868531565D-002
  -0.140903267813453D-002  -0.297939861187667D-003   0.776742851149772D-003
   0.181506087323228D-002   0.281708223647403D-002   0.378285064885023D-002
   0.471241862894669D-002   0.560583809256739D-002

